0.433;0.521;
0.434;0.518;
0.435;0.516;
0.435;0.514;
0.435;0.513;
0.435;0.513;
0.435;0.512;
0.435;0.511;
0.435;0.51;
0.434;0.509;
0.434;0.508;
0.433;0.508;
0.432;0.509;
0.431;0.51;
0.431;0.51;
0.431;0.51;
0.43;0.511;
0.43;0.511;
0.429;0.511;
0.429;0.51;
0.428;0.509;
0.427;0.509;
0.451;0.345;
0.45;0.344;
0.45;0.343;
0.45;0.343;
0.449;0.342;
0.449;0.341;
0.449;0.34;
0.448;0.34;
0.448;0.339;
0.448;0.338;
0.448;0.338;
0.447;0.337;
0.447;0.337;
0.447;0.337;
0.447;0.336;
0.447;0.336;
0.447;0.335;
0.446;0.335;
0.446;0.334;
0.446;0.334;
0.446;0.334;
0.445;0.334;
0.445;0.334;
0.445;0.334;
0.445;0.334;
0.445;0.335;
0.445;0.335;
0.445;0.335;
0.445;0.335;
0.445;0.335;
0.445;0.335;
0.445;0.335;
0.445;0.335;
0.445;0.335;
0.445;0.335;
0.445;0.335;
0.445;0.335;
0.445;0.335;
0.445;0.336;
0.444;0.336;
0.444;0.337;
0.444;0.338;
0.444;0.338;
0.444;0.338;
0.444;0.338;
0.444;0.339;
0.444;0.339;
0.444;0.34;
0.444;0.34;
0.443;0.34;
0.443;0.341;
0.443;0.341;
0.443;0.341;
0.443;0.341;
0.443;0.341;
0.443;0.341;
0.443;0.341;
0.443;0.34;
0.443;0.341;
0.443;0.341;
0.443;0.341;
0.443;0.341;
0.443;0.342;
0.443;0.342;
0.443;0.342;
0.443;0.342;
0.443;0.342;
0.443;0.341;
0.443;0.341;
0.443;0.34;
0.443;0.34;
0.443;0.339;
0.443;0.339;
0.443;0.339;
0.444;0.339;
0.444;0.339;
0.444;0.339;
0.444;0.339;
0.444;0.339;
0.444;0.339;
0.444;0.339;
0.444;0.339;
0.444;0.338;
0.444;0.338;
0.444;0.338;
0.444;0.338;
0.444;0.338;
0.444;0.337;
0.444;0.337;
0.444;0.337;
0.444;0.337;
0.444;0.338;
0.443;0.338;
0.443;0.338;
0.443;0.338;
0.443;0.338;
0.443;0.338;
0.443;0.338;
0.443;0.338;
0.443;0.338;
0.443;0.338;
0.443;0.338;
0.443;0.338;
0.443;0.338;
0.443;0.338;
0.443;0.338;
0.444;0.339;
0.444;0.339;
0.444;0.339;
0.444;0.339;
0.444;0.339;
0.444;0.339;
0.444;0.339;
0.444;0.339;
0.444;0.339;
0.444;0.34;
0.444;0.34;
0.444;0.34;
0.444;0.34;
0.444;0.34;
0.444;0.34;
0.444;0.34;
0.444;0.34;
0.444;0.34;
0.444;0.34;
0.444;0.34;
0.444;0.34;
0.444;0.34;
0.444;0.34;
0.444;0.34;
0.444;0.34;
0.444;0.34;
0.444;0.34;
0.444;0.34;
0.444;0.34;
0.444;0.34;
0.444;0.34;
0.444;0.34;
0.444;0.34;
0.444;0.34;
0.444;0.34;
0.444;0.34;
0.444;0.34;
0.444;0.34;
0.445;0.341;
0.445;0.341;
0.445;0.34;
0.445;0.34;
0.445;0.34;
0.444;0.34;
0.444;0.34;
0.444;0.34;
0.444;0.34;
0.444;0.34;
0.444;0.341;
0.444;0.341;
0.444;0.341;
0.444;0.341;
0.444;0.341;
0.444;0.341;
0.443;0.341;
0.443;0.341;
0.443;0.341;
0.443;0.341;
0.443;0.341;
0.444;0.341;
0.444;0.341;
0.444;0.341;
0.444;0.342;
0.444;0.342;
0.444;0.342;
0.444;0.342;
0.444;0.343;
0.444;0.343;
0.444;0.343;
0.444;0.343;
0.444;0.343;
0.444;0.343;
0.444;0.343;
0.444;0.343;
0.444;0.343;
0.444;0.343;
0.444;0.343;
0.444;0.343;
0.444;0.344;
0.444;0.344;
0.444;0.344;
0.444;0.344;
0.444;0.344;
0.444;0.344;
0.444;0.345;
0.505;0.331;
0.506;0.33;
0.506;0.33;
0.506;0.33;
0.506;0.329;
0.507;0.328;
0.507;0.328;
0.507;0.328;
0.507;0.328;
0.508;0.328;
0.508;0.328;
0.508;0.328;
0.509;0.328;
0.509;0.328;
0.509;0.329;
0.509;0.328;
0.509;0.328;
0.509;0.328;
0.51;0.327;
0.51;0.327;
0.51;0.326;
0.51;0.326;
0.51;0.326;
0.51;0.326;
0.51;0.326;
0.51;0.326;
0.51;0.326;
0.51;0.327;
0.511;0.327;
0.511;0.328;
0.511;0.328;
0.511;0.328;
0.511;0.328;
0.511;0.327;
0.511;0.327;
0.511;0.327;
0.511;0.326;
0.511;0.326;
0.511;0.326;
0.511;0.326;
0.511;0.326;
0.511;0.326;
0.511;0.326;
0.511;0.326;
0.511;0.326;
0.511;0.326;
0.511;0.326;
0.511;0.326;
0.511;0.326;
0.511;0.327;
0.511;0.327;
0.511;0.327;
0.511;0.328;
0.511;0.328;
0.51;0.328;
0.51;0.327;
0.51;0.327;
0.51;0.327;
0.511;0.326;
0.511;0.326;
0.511;0.326;
0.511;0.326;
0.511;0.326;
0.511;0.326;
0.512;0.325;
0.512;0.324;
0.512;0.324;
0.512;0.324;
0.512;0.323;
0.512;0.322;
0.512;0.322;
0.512;0.322;
0.513;0.323;
0.513;0.324;
0.513;0.325;
0.513;0.325;
0.513;0.325;
0.513;0.325;
0.513;0.325;
0.514;0.324;
0.514;0.324;
0.514;0.324;
0.514;0.324;
0.514;0.324;
0.515;0.325;
0.515;0.325;
0.515;0.325;
0.515;0.325;
0.515;0.324;
0.515;0.324;
0.514;0.323;
0.515;0.322;
0.515;0.322;
0.515;0.322;
0.515;0.322;
0.515;0.322;
0.515;0.322;
0.515;0.322;
0.515;0.322;
0.515;0.323;
0.516;0.323;
0.516;0.324;
0.516;0.324;
0.516;0.325;
0.516;0.325;
0.516;0.326;
0.516;0.326;
0.516;0.326;
0.516;0.326;
0.516;0.326;
0.516;0.325;
0.517;0.325;
0.517;0.325;
0.517;0.325;
0.517;0.324;
0.517;0.324;
0.517;0.324;
0.517;0.324;
0.517;0.324;
0.517;0.325;
0.517;0.325;
0.517;0.325;
0.516;0.325;
0.516;0.325;
0.516;0.325;
0.515;0.325;
0.515;0.325;
0.515;0.325;
0.515;0.325;
0.515;0.326;
0.515;0.326;
0.515;0.325;
0.515;0.326;
0.515;0.325;
0.515;0.326;
0.515;0.326;
0.515;0.326;
0.515;0.326;
0.516;0.326;
0.516;0.326;
0.516;0.325;
0.516;0.325;
0.516;0.325;
0.516;0.325;
0.516;0.325;
0.516;0.324;
0.516;0.324;
0.516;0.324;
0.516;0.323;
0.516;0.323;
0.516;0.323;
0.516;0.324;
0.517;0.324;
0.517;0.324;
0.517;0.324;
0.517;0.325;
0.516;0.325;
0.516;0.325;
0.516;0.325;
0.516;0.326;
0.516;0.326;
0.516;0.326;
0.516;0.327;
0.516;0.327;
0.516;0.327;
0.515;0.328;
0.515;0.328;
0.515;0.328;
0.515;0.328;
0.515;0.328;
0.515;0.327;
0.515;0.327;
0.515;0.327;
0.515;0.327;
0.515;0.327;
0.515;0.327;
0.515;0.327;
0.515;0.327;
0.515;0.328;
0.515;0.328;
0.515;0.328;
0.514;0.328;
0.514;0.328;
0.514;0.328;
0.514;0.328;
0.514;0.328;
0.514;0.328;
0.514;0.328;
0.514;0.328;
0.513;0.328;
0.513;0.328;
0.513;0.328;
0.513;0.328;
0.513;0.328;
0.513;0.328;
0.513;0.328;
0.512;0.329;
0.512;0.329;
0.512;0.329;
0.512;0.329;
0.512;0.329;
0.512;0.328;
0.511;0.328;
0.511;0.329;
0.511;0.328;
0.511;0.329;
0.511;0.329;
0.511;0.329;
0.511;0.329;
0.511;0.329;
0.512;0.329;
0.512;0.329;
0.512;0.329;
0.512;0.329;
0.512;0.329;
0.512;0.328;
0.512;0.328;
0.512;0.328;
0.512;0.328;
0.512;0.328;
0.512;0.328;
0.512;0.328;
0.512;0.328;
0.512;0.328;
0.512;0.328;
0.512;0.328;
0.512;0.328;
0.512;0.328;
0.512;0.327;
0.512;0.327;
0.512;0.327;
0.512;0.327;
0.512;0.327;
0.512;0.327;
0.512;0.327;
0.513;0.328;
0.513;0.328;
0.513;0.328;
0.513;0.328;
0.513;0.328;
0.513;0.328;
0.513;0.328;
0.513;0.328;
0.513;0.328;
0.513;0.328;
0.513;0.328;
0.513;0.328;
0.513;0.328;
0.513;0.328;
0.513;0.328;
0.513;0.328;
0.513;0.328;
0.513;0.328;
0.513;0.328;
0.513;0.328;
0.513;0.328;
0.513;0.328;
0.513;0.328;
0.513;0.328;
0.513;0.328;
0.513;0.328;
0.513;0.328;
0.513;0.328;
0.513;0.328;
0.513;0.328;
0.513;0.328;
0.513;0.328;
0.513;0.328;
0.513;0.328;
0.513;0.328;
0.513;0.328;
0.513;0.328;
0.513;0.328;
0.513;0.328;
0.513;0.328;
0.513;0.328;
0.515;0.328;
0.515;0.328;
0.515;0.328;
0.515;0.328;
0.515;0.328;
0.515;0.327;
0.515;0.327;
0.515;0.327;
0.515;0.326;
0.515;0.326;
0.515;0.326;
0.515;0.327;
0.515;0.327;
0.515;0.327;
0.515;0.327;
0.515;0.327;
0.515;0.327;
0.515;0.328;
0.515;0.328;
0.515;0.328;
0.515;0.327;
0.515;0.327;
0.515;0.327;
0.515;0.327;
0.515;0.327;
0.515;0.327;
0.515;0.327;
0.515;0.327;
0.516;0.328;
0.516;0.328;
0.516;0.328;
0.516;0.328;
0.516;0.328;
0.516;0.328;
0.516;0.328;
0.516;0.328;
0.516;0.328;
0.516;0.328;
0.516;0.329;
0.425;0.3;
0.424;0.3;
0.422;0.3;
0.42;0.3;
0.418;0.3;
0.416;0.3;
0.414;0.3;
0.414;0.3;
0.412;0.3;
0.41;0.3;
0.409;0.3;
0.407;0.3;
0.406;0.3;
0.405;0.299;
0.403;0.3;
0.402;0.3;
0.4;0.3;
0.4;0.3;
0.399;0.3;
0.398;0.3;
0.397;0.3;
0.397;0.3;
0.396;0.3;
0.396;0.3;
0.395;0.3;
0.394;0.3;
0.394;0.3;
0.394;0.3;
0.394;0.299;
0.394;0.299;
0.394;0.299;
0.394;0.299;
0.394;0.299;
0.394;0.299;
0.394;0.299;
0.394;0.299;
0.394;0.299;
0.394;0.299;
0.394;0.299;
0.394;0.299;
0.394;0.299;
0.394;0.299;
0.394;0.299;
0.394;0.299;
0.394;0.299;
0.394;0.299;
0.394;0.299;
0.394;0.299;
0.394;0.299;
0.394;0.299;
0.394;0.299;
0.394;0.299;
0.394;0.299;
0.394;0.299;
0.394;0.299;
0.394;0.299;
0.394;0.299;
0.394;0.299;
0.394;0.299;
0.394;0.299;
0.394;0.299;
0.394;0.299;
0.394;0.299;
0.394;0.299;
0.394;0.299;
0.394;0.299;
0.394;0.299;
0.404;0.298;
0.404;0.299;
0.405;0.299;
0.405;0.299;
0.406;0.299;
0.406;0.3;
0.407;0.3;
0.407;0.301;
0.407;0.301;
0.408;0.302;
0.408;0.302;
0.408;0.302;
0.408;0.302;
0.408;0.302;
0.408;0.302;
0.408;0.302;
0.408;0.302;
0.408;0.302;
0.408;0.302;
0.408;0.302;
0.408;0.303;
0.408;0.303;
0.408;0.303;
0.408;0.303;
0.407;0.303;
0.407;0.303;
0.407;0.303;
0.407;0.303;
0.407;0.303;
0.407;0.303;
0.407;0.302;
0.407;0.302;
0.407;0.302;
0.407;0.302;
0.407;0.302;
0.407;0.301;
0.407;0.301;
0.407;0.301;
0.408;0.301;
0.408;0.301;
0.408;0.3;
0.408;0.3;
0.408;0.3;
0.408;0.3;
0.408;0.299;
0.408;0.299;
0.409;0.299;
0.409;0.298;
0.409;0.298;
0.409;0.298;
0.409;0.298;
0.409;0.298;
0.409;0.297;
0.41;0.297;
0.41;0.297;
0.41;0.297;
0.41;0.297;
0.41;0.297;
0.41;0.297;
0.411;0.297;
0.411;0.297;
0.411;0.297;
0.411;0.297;
0.411;0.297;
0.411;0.297;
0.412;0.297;
0.412;0.297;
0.412;0.297;
0.413;0.297;
0.413;0.297;
0.413;0.297;
0.413;0.297;
0.413;0.298;
0.414;0.298;
0.414;0.298;
0.414;0.298;
0.414;0.298;
0.415;0.298;
0.415;0.298;
0.415;0.298;
0.415;0.298;
0.415;0.298;
0.415;0.298;
0.416;0.298;
0.416;0.298;
0.416;0.299;
0.416;0.299;
0.416;0.299;
0.416;0.3;
0.416;0.3;
0.417;0.301;
0.417;0.301;
0.417;0.301;
0.417;0.301;
0.417;0.301;
0.417;0.301;
0.417;0.301;
0.417;0.301;
0.417;0.302;
0.417;0.302;
0.417;0.302;
0.417;0.302;
0.417;0.302;
0.416;0.302;
0.416;0.303;
0.416;0.302;
0.416;0.302;
0.416;0.302;
0.415;0.302;
0.415;0.302;
0.415;0.302;
0.415;0.302;
0.415;0.302;
0.415;0.302;
0.415;0.303;
0.415;0.303;
0.415;0.303;
0.415;0.303;
0.415;0.303;
0.415;0.303;
0.415;0.303;
0.415;0.303;
0.415;0.303;
0.415;0.303;
0.415;0.303;
0.415;0.303;
0.415;0.303;
0.415;0.303;
0.415;0.303;
0.415;0.303;
0.415;0.303;
0.415;0.303;
0.415;0.304;
0.415;0.304;
0.415;0.304;
0.415;0.304;
0.415;0.304;
0.415;0.303;
0.415;0.303;
0.415;0.303;
0.415;0.303;
0.415;0.303;
0.415;0.303;
0.415;0.303;
0.415;0.303;
0.415;0.303;
0.416;0.303;
0.416;0.303;
0.416;0.303;
0.416;0.304;
0.417;0.304;
0.417;0.304;
0.417;0.304;
0.417;0.304;
0.417;0.304;
0.417;0.305;
0.417;0.305;
0.417;0.305;
0.417;0.305;
0.417;0.305;
0.417;0.305;
0.417;0.305;
0.417;0.304;
0.417;0.304;
0.417;0.304;
0.417;0.304;
0.417;0.304;
0.417;0.304;
0.417;0.304;
0.417;0.305;
0.417;0.305;
0.417;0.305;
0.417;0.305;
0.417;0.305;
0.417;0.305;
0.417;0.305;
0.418;0.305;
0.418;0.305;
0.418;0.305;
0.418;0.305;
0.418;0.305;
0.418;0.305;
0.418;0.305;
0.418;0.305;
0.418;0.305;
0.418;0.305;
0.418;0.305;
0.418;0.305;
0.418;0.305;
0.418;0.305;
0.418;0.305;
0.418;0.305;
0.418;0.305;
0.418;0.305;
0.418;0.305;
0.418;0.305;
0.418;0.305;
0.418;0.305;
0.418;0.305;
0.418;0.305;
0.418;0.305;
0.418;0.305;
0.418;0.305;
0.418;0.305;
0.417;0.305;
0.417;0.305;
0.417;0.305;
0.417;0.305;
0.417;0.305;
0.417;0.305;
0.417;0.305;
0.417;0.305;
0.417;0.305;
0.417;0.305;
0.417;0.305;
0.417;0.305;
0.417;0.305;
0.417;0.305;
0.417;0.305;
0.417;0.304;
0.417;0.304;
0.417;0.304;
0.417;0.304;
0.417;0.304;
0.417;0.304;
0.417;0.304;
0.417;0.304;
0.417;0.304;
0.417;0.305;
0.417;0.305;
0.417;0.305;
0.417;0.305;
0.417;0.305;
0.417;0.305;
0.417;0.305;
0.418;0.305;
0.418;0.305;
0.418;0.305;
0.418;0.305;
0.418;0.304;
0.418;0.304;
0.418;0.304;
0.418;0.304;
0.418;0.304;
0.418;0.304;
0.418;0.305;
0.418;0.305;
0.419;0.305;
0.419;0.305;
0.419;0.306;
0.419;0.306;
0.419;0.305;
0.419;0.305;
0.419;0.305;
0.419;0.305;
0.419;0.305;
0.419;0.305;
0.419;0.305;
0.419;0.305;
0.419;0.305;
0.419;0.305;
0.419;0.305;
0.419;0.305;
0.419;0.305;
0.419;0.305;
0.419;0.305;
0.419;0.305;
0.419;0.304;
0.42;0.304;
0.42;0.304;
0.42;0.304;
0.42;0.304;
0.42;0.304;
0.42;0.304;
0.42;0.304;
0.42;0.304;
0.42;0.304;
0.42;0.304;
0.42;0.304;
0.42;0.304;
0.42;0.303;
0.42;0.303;
0.42;0.303;
0.42;0.303;
0.419;0.303;
0.419;0.303;
0.42;0.303;
0.42;0.304;
0.42;0.304;
0.42;0.304;
0.42;0.304;
0.42;0.304;
0.42;0.304;
0.42;0.304;
0.42;0.304;
0.42;0.303;
0.42;0.304;
0.42;0.304;
0.42;0.304;
0.42;0.304;
0.42;0.304;
0.42;0.304;
0.42;0.304;
0.42;0.304;
0.42;0.304;
0.42;0.304;
0.42;0.305;
0.42;0.305;
0.42;0.305;
0.42;0.305;
0.42;0.306;
0.42;0.306;
0.42;0.306;
0.42;0.306;
0.42;0.306;
0.42;0.306;
0.42;0.306;
0.42;0.306;
0.42;0.306;
0.42;0.306;
0.567;0.261;
0.566;0.262;
0.565;0.263;
0.564;0.264;
0.562;0.265;
0.561;0.266;
0.56;0.266;
0.56;0.266;
0.559;0.267;
0.558;0.267;
0.557;0.268;
0.556;0.268;
0.555;0.268;
0.554;0.269;
0.553;0.268;
0.553;0.268;
0.552;0.268;
0.552;0.268;
0.552;0.268;
0.551;0.268;
0.551;0.268;
0.551;0.267;
0.55;0.267;
0.55;0.267;
0.55;0.267;
0.55;0.267;
0.55;0.267;
0.55;0.267;
0.55;0.267;
0.55;0.267;
0.55;0.267;
0.55;0.267;
0.55;0.267;
0.55;0.267;
0.55;0.267;
0.55;0.267;
0.55;0.267;
0.55;0.267;
0.55;0.267;
0.55;0.267;
0.55;0.267;
0.55;0.267;
0.55;0.267;
0.55;0.267;
0.55;0.267;
0.55;0.267;
0.55;0.267;
0.55;0.267;
0.55;0.267;
0.55;0.267;
0.55;0.267;
0.55;0.267;
0.55;0.267;
0.55;0.267;
0.55;0.267;
0.557;0.262;
0.557;0.262;
0.557;0.262;
0.557;0.262;
0.557;0.262;
0.557;0.262;
0.557;0.262;
0.557;0.262;
0.557;0.262;
0.557;0.263;
0.557;0.263;
0.557;0.263;
0.557;0.263;
0.556;0.263;
0.556;0.264;
0.556;0.264;
0.556;0.264;
0.556;0.264;
0.556;0.265;
0.556;0.265;
0.556;0.265;
0.556;0.265;
0.556;0.265;
0.555;0.265;
0.555;0.265;
0.555;0.265;
0.555;0.265;
0.555;0.265;
0.555;0.265;
0.555;0.265;
0.555;0.265;
0.555;0.265;
0.555;0.265;
0.555;0.265;
0.555;0.266;
0.555;0.266;
0.555;0.266;
0.555;0.266;
0.555;0.267;
0.555;0.267;
0.555;0.267;
0.555;0.267;
0.555;0.267;
0.555;0.267;
0.555;0.268;
0.555;0.268;
0.555;0.268;
0.554;0.268;
0.554;0.268;
0.554;0.267;
0.554;0.267;
0.554;0.267;
0.554;0.267;
0.554;0.267;
0.554;0.267;
0.554;0.267;
0.554;0.267;
0.554;0.267;
0.553;0.268;
0.553;0.268;
0.553;0.268;
0.553;0.268;
0.553;0.268;
0.553;0.268;
0.553;0.268;
0.553;0.268;
0.553;0.268;
0.553;0.268;
0.553;0.268;
0.553;0.268;
0.553;0.269;
0.553;0.269;
0.553;0.269;
0.552;0.269;
0.552;0.269;
0.552;0.269;
0.552;0.269;
0.552;0.269;
0.552;0.269;
0.552;0.269;
0.552;0.269;
0.552;0.269;
0.552;0.269;
0.552;0.269;
0.551;0.269;
0.551;0.27;
0.551;0.27;
0.551;0.27;
0.551;0.27;
0.551;0.27;
0.551;0.27;
0.551;0.27;
0.551;0.27;
0.551;0.27;
0.551;0.27;
0.551;0.27;
0.551;0.27;
0.551;0.27;
0.551;0.27;
0.551;0.271;
0.551;0.271;
0.551;0.271;
0.551;0.271;
0.551;0.271;
0.551;0.271;
0.551;0.272;
0.551;0.272;
0.551;0.272;
0.551;0.272;
0.551;0.272;
0.551;0.272;
0.551;0.272;
0.551;0.272;
0.551;0.272;
0.551;0.272;
0.551;0.272;
0.551;0.272;
0.551;0.272;
0.551;0.272;
0.551;0.272;
0.551;0.272;
0.551;0.272;
0.551;0.272;
0.551;0.272;
0.551;0.272;
0.552;0.273;
0.552;0.273;
0.552;0.274;
0.552;0.274;
0.552;0.274;
0.552;0.275;
0.551;0.275;
0.551;0.275;
0.551;0.275;
0.551;0.275;
0.551;0.275;
0.551;0.275;
0.551;0.275;
0.551;0.275;
0.551;0.275;
0.551;0.275;
0.551;0.275;
0.551;0.275;
0.551;0.275;
0.551;0.276;
0.551;0.276;
0.551;0.276;
0.551;0.277;
0.551;0.277;
0.551;0.277;
0.551;0.277;
0.551;0.276;
0.551;0.276;
0.551;0.276;
0.551;0.276;
0.551;0.276;
0.551;0.276;
0.551;0.276;
0.551;0.276;
0.551;0.276;
0.551;0.276;
0.551;0.276;
0.551;0.276;
0.551;0.276;
0.551;0.276;
0.551;0.276;
0.551;0.276;
0.551;0.275;
0.551;0.275;
0.551;0.275;
0.551;0.275;
0.551;0.275;
0.551;0.275;
0.551;0.275;
0.551;0.275;
0.551;0.275;
0.551;0.275;
0.551;0.274;
0.551;0.274;
0.551;0.274;
0.551;0.274;
0.551;0.273;
0.551;0.273;
0.551;0.273;
0.551;0.273;
0.551;0.272;
0.551;0.273;
0.551;0.272;
0.551;0.272;
0.551;0.272;
0.551;0.272;
0.551;0.272;
0.551;0.272;
0.551;0.272;
0.551;0.272;
0.551;0.272;
0.552;0.272;
0.552;0.271;
0.552;0.271;
0.552;0.271;
0.552;0.271;
0.552;0.271;
0.552;0.271;
0.552;0.271;
0.552;0.271;
0.552;0.271;
0.552;0.271;
0.552;0.272;
0.552;0.272;
0.552;0.272;
0.553;0.272;
0.553;0.272;
0.553;0.272;
0.553;0.272;
0.553;0.272;
0.553;0.273;
0.553;0.273;
0.553;0.273;
0.553;0.273;
0.552;0.273;
0.552;0.273;
0.553;0.273;
0.552;0.273;
0.552;0.273;
0.552;0.273;
0.552;0.273;
0.552;0.274;
0.552;0.274;
0.552;0.274;
0.552;0.275;
0.552;0.275;
0.552;0.275;
0.552;0.275;
0.552;0.275;
0.552;0.275;
0.552;0.276;
0.552;0.276;
0.552;0.276;
0.552;0.276;
0.552;0.276;
0.552;0.276;
0.552;0.276;
0.552;0.276;
0.552;0.276;
0.552;0.276;
0.552;0.277;
0.552;0.277;
0.552;0.277;
0.552;0.277;
0.552;0.277;
0.552;0.277;
0.552;0.277;
0.552;0.278;
0.552;0.278;
0.552;0.278;
0.552;0.278;
0.552;0.278;
0.552;0.278;
0.552;0.278;
0.552;0.278;
0.552;0.278;
0.552;0.278;
0.552;0.279;
0.552;0.279;
0.552;0.279;
0.552;0.279;
0.552;0.279;
0.389;0.356;
0.39;0.356;
0.39;0.357;
0.39;0.357;
0.391;0.358;
0.391;0.359;
0.392;0.36;
0.392;0.36;
0.392;0.361;
0.393;0.361;
0.393;0.361;
0.393;0.361;
0.393;0.361;
0.394;0.361;
0.394;0.36;
0.394;0.36;
0.394;0.359;
0.394;0.359;
0.394;0.358;
0.394;0.358;
0.394;0.358;
0.394;0.357;
0.394;0.357;
0.394;0.356;
0.394;0.356;
0.394;0.355;
0.394;0.355;
0.394;0.354;
0.394;0.354;
0.393;0.354;
0.393;0.354;
0.393;0.354;
0.393;0.354;
0.393;0.354;
0.393;0.354;
0.393;0.353;
0.393;0.353;
0.393;0.352;
0.394;0.351;
0.394;0.35;
0.394;0.35;
0.394;0.349;
0.394;0.349;
0.394;0.348;
0.394;0.348;
0.394;0.348;
0.394;0.347;
0.395;0.347;
0.395;0.347;
0.395;0.346;
0.395;0.346;
0.395;0.345;
0.395;0.345;
0.395;0.344;
0.395;0.343;
0.395;0.342;
0.396;0.341;
0.396;0.34;
0.396;0.339;
0.396;0.338;
0.396;0.338;
0.396;0.337;
0.396;0.336;
0.396;0.335;
0.396;0.334;
0.396;0.334;
0.396;0.333;
0.396;0.332;
0.396;0.332;
0.396;0.331;
0.396;0.331;
0.396;0.33;
0.396;0.329;
0.396;0.329;
0.396;0.328;
0.396;0.328;
0.396;0.327;
0.396;0.327;
0.396;0.326;
0.396;0.326;
0.396;0.326;
0.396;0.325;
0.396;0.325;
0.396;0.325;
0.396;0.324;
0.396;0.323;
0.396;0.323;
0.395;0.323;
0.395;0.322;
0.395;0.322;
0.395;0.322;
0.395;0.321;
0.395;0.321;
0.395;0.32;
0.395;0.32;
0.395;0.319;
0.395;0.318;
0.395;0.318;
0.395;0.318;
0.396;0.317;
0.396;0.317;
0.396;0.317;
0.396;0.317;
0.396;0.317;
0.396;0.316;
0.396;0.316;
0.397;0.316;
0.397;0.316;
0.397;0.317;
0.397;0.316;
0.397;0.316;
0.397;0.316;
0.397;0.316;
0.397;0.316;
0.397;0.316;
0.397;0.316;
0.397;0.316;
0.397;0.316;
0.397;0.315;
0.397;0.315;
0.397;0.315;
0.397;0.315;
0.398;0.315;
0.397;0.315;
0.398;0.315;
0.398;0.315;
0.398;0.315;
0.398;0.315;
0.397;0.315;
0.397;0.315;
0.397;0.315;
0.397;0.315;
0.397;0.315;
0.397;0.315;
0.397;0.315;
0.397;0.315;
0.397;0.315;
0.397;0.315;
0.397;0.315;
0.397;0.315;
0.397;0.315;
0.397;0.316;
0.397;0.316;
0.397;0.316;
0.397;0.316;
0.397;0.316;
0.397;0.316;
0.397;0.316;
0.397;0.316;
0.396;0.316;
0.396;0.316;
0.396;0.316;
0.396;0.316;
0.396;0.316;
0.396;0.316;
0.396;0.316;
0.396;0.316;
0.396;0.316;
0.396;0.316;
0.397;0.316;
0.397;0.316;
0.397;0.317;
0.396;0.317;
0.396;0.317;
0.397;0.317;
0.396;0.317;
0.396;0.317;
0.396;0.317;
0.396;0.317;
0.396;0.317;
0.396;0.317;
0.396;0.317;
0.397;0.317;
0.397;0.317;
0.397;0.317;
0.397;0.317;
0.397;0.317;
0.397;0.317;
0.397;0.317;
0.397;0.317;
0.397;0.317;
0.397;0.317;
0.397;0.317;
0.397;0.317;
0.397;0.317;
0.397;0.317;
0.397;0.317;
0.397;0.317;
0.397;0.317;
0.397;0.317;
0.397;0.317;
0.397;0.317;
0.397;0.317;
0.397;0.317;
0.397;0.317;
0.397;0.317;
0.397;0.317;
0.397;0.317;
0.398;0.317;
0.398;0.317;
0.398;0.317;
0.397;0.317;
0.397;0.317;
0.397;0.317;
0.397;0.317;
0.397;0.317;
0.397;0.317;
0.397;0.317;
0.397;0.317;
0.398;0.317;
0.398;0.317;
0.398;0.317;
0.397;0.317;
0.398;0.317;
0.398;0.317;
0.398;0.317;
0.398;0.317;
0.398;0.317;
0.398;0.318;
0.398;0.318;
0.398;0.318;
0.398;0.318;
0.398;0.318;
0.398;0.318;
0.398;0.318;
0.398;0.318;
0.398;0.318;
0.398;0.318;
0.398;0.319;
0.398;0.318;
0.398;0.318;
0.398;0.318;
0.398;0.319;
0.398;0.319;
0.398;0.319;
0.398;0.319;
0.398;0.319;
0.398;0.32;
0.398;0.32;
0.399;0.32;
0.399;0.32;
0.399;0.32;
0.399;0.32;
0.399;0.32;
0.399;0.32;
0.399;0.32;
0.399;0.32;
0.399;0.32;
0.399;0.32;
0.399;0.32;
0.4;0.32;
0.4;0.32;
0.4;0.32;
0.4;0.32;
0.4;0.32;
0.4;0.32;
0.4;0.319;
0.4;0.319;
0.4;0.319;
0.4;0.319;
0.4;0.319;
0.4;0.319;
0.4;0.319;
0.4;0.319;
0.4;0.318;
0.4;0.318;
0.4;0.319;
0.4;0.319;
0.4;0.319;
0.4;0.319;
0.4;0.319;
0.4;0.319;
0.4;0.319;
0.4;0.319;
0.4;0.319;
0.4;0.319;
0.4;0.319;
0.4;0.319;
0.4;0.319;
0.4;0.318;
0.4;0.318;
0.4;0.318;
0.4;0.318;
0.4;0.318;
0.4;0.319;
0.4;0.319;
0.4;0.319;
0.401;0.319;
0.401;0.319;
0.401;0.319;
0.401;0.319;
0.401;0.319;
0.401;0.319;
0.401;0.32;
0.401;0.32;
0.402;0.32;
0.402;0.32;
0.402;0.32;
0.402;0.32;
0.403;0.32;
0.547;0.294;
0.547;0.294;
0.547;0.295;
0.547;0.295;
0.546;0.296;
0.546;0.296;
0.546;0.297;
0.546;0.297;
0.546;0.298;
0.546;0.298;
0.546;0.298;
0.545;0.298;
0.545;0.298;
0.545;0.299;
0.545;0.299;
0.545;0.299;
0.545;0.298;
0.545;0.298;
0.546;0.298;
0.546;0.298;
0.546;0.298;
0.546;0.298;
0.546;0.297;
0.547;0.297;
0.547;0.297;
0.547;0.296;
0.548;0.296;
0.548;0.296;
0.548;0.295;
0.548;0.295;
0.549;0.295;
0.549;0.294;
0.55;0.294;
0.55;0.293;
0.55;0.293;
0.551;0.293;
0.551;0.292;
0.551;0.292;
0.552;0.292;
0.552;0.292;
0.552;0.292;
0.552;0.291;
0.552;0.291;
0.553;0.29;
0.553;0.29;
0.553;0.289;
0.553;0.289;
0.553;0.289;
0.553;0.288;
0.553;0.288;
0.553;0.288;
0.554;0.288;
0.554;0.288;
0.554;0.288;
0.554;0.288;
0.554;0.287;
0.554;0.287;
0.554;0.287;
0.554;0.286;
0.554;0.286;
0.554;0.286;
0.554;0.286;
0.554;0.286;
0.554;0.286;
0.554;0.286;
0.554;0.286;
0.554;0.286;
0.554;0.286;
0.554;0.286;
0.554;0.286;
0.554;0.286;
0.554;0.286;
0.554;0.286;
0.554;0.286;
0.554;0.286;
0.554;0.287;
0.554;0.287;
0.554;0.286;
0.554;0.286;
0.554;0.286;
0.554;0.286;
0.554;0.286;
0.554;0.286;
0.554;0.286;
0.554;0.286;
0.554;0.286;
0.553;0.287;
0.553;0.287;
0.553;0.287;
0.553;0.287;
0.553;0.287;
0.553;0.287;
0.553;0.287;
0.553;0.287;
0.553;0.287;
0.553;0.287;
0.553;0.287;
0.553;0.286;
0.553;0.286;
0.553;0.286;
0.553;0.286;
0.553;0.286;
0.553;0.287;
0.553;0.287;
0.553;0.287;
0.553;0.287;
0.553;0.288;
0.553;0.288;
0.553;0.288;
0.553;0.288;
0.553;0.288;
0.553;0.288;
0.553;0.288;
0.553;0.288;
0.553;0.288;
0.553;0.288;
0.553;0.289;
0.553;0.289;
0.553;0.289;
0.553;0.289;
0.553;0.289;
0.553;0.289;
0.553;0.289;
0.553;0.289;
0.553;0.289;
0.553;0.289;
0.553;0.289;
0.553;0.289;
0.554;0.289;
0.554;0.289;
0.554;0.289;
0.554;0.289;
0.554;0.29;
0.554;0.29;
0.554;0.29;
0.554;0.29;
0.554;0.29;
0.554;0.29;
0.554;0.29;
0.554;0.29;
0.554;0.29;
0.554;0.29;
0.554;0.29;
0.554;0.29;
0.554;0.29;
0.554;0.29;
0.554;0.29;
0.554;0.29;
0.554;0.29;
0.554;0.291;
0.554;0.291;
0.554;0.291;
0.554;0.291;
0.554;0.291;
0.554;0.291;
0.554;0.291;
0.554;0.291;
0.554;0.29;
0.554;0.29;
0.554;0.29;
0.554;0.29;
0.554;0.29;
0.554;0.29;
0.554;0.29;
0.554;0.29;
0.554;0.291;
0.554;0.291;
0.554;0.292;
0.554;0.292;
0.554;0.292;
0.554;0.292;
0.554;0.292;
0.554;0.292;
0.554;0.292;
0.554;0.292;
0.554;0.293;
0.554;0.293;
0.554;0.293;
0.554;0.293;
0.554;0.293;
0.554;0.293;
0.554;0.294;
0.554;0.294;
0.554;0.294;
0.554;0.294;
0.554;0.294;
0.554;0.294;
0.554;0.294;
0.554;0.295;
0.554;0.295;
0.554;0.295;
0.554;0.295;
0.554;0.295;
0.554;0.295;
0.555;0.296;
0.555;0.296;
0.555;0.297;
0.556;0.298;
0.557;0.3;
0.559;0.301;
0.559;0.301;
0.56;0.303;
0.562;0.304;
0.563;0.305;
0.564;0.307;
0.566;0.308;
0.567;0.309;
0.568;0.311;
0.569;0.313;
0.57;0.315;
0.57;0.315;
0.572;0.317;
0.573;0.32;
0.574;0.322;
0.574;0.324;
0.575;0.326;
0.576;0.329;
0.577;0.332;
0.578;0.335;
0.578;0.338;
0.578;0.338;
0.579;0.34;
0.58;0.343;
0.58;0.346;
0.581;0.348;
0.582;0.35;
0.582;0.352;
0.583;0.353;
0.584;0.355;
0.585;0.356;
0.585;0.356;
0.585;0.356;
0.586;0.357;
0.586;0.358;
0.587;0.358;
0.587;0.358;
0.588;0.359;
0.588;0.359;
0.589;0.36;
0.589;0.361;
0.589;0.361;
0.589;0.361;
0.589;0.362;
0.59;0.362;
0.59;0.362;
0.59;0.363;
0.59;0.363;
0.59;0.363;
0.59;0.363;
0.591;0.364;
0.591;0.364;
0.591;0.364;
0.591;0.364;
0.591;0.364;
0.591;0.365;
0.591;0.365;
0.592;0.365;
0.592;0.366;
0.592;0.366;
0.592;0.367;
0.592;0.367;
0.592;0.367;
0.592;0.368;
0.593;0.368;
0.593;0.368;
0.593;0.369;
0.593;0.369;
0.594;0.369;
0.594;0.369;
0.594;0.369;
0.594;0.369;
0.594;0.37;
0.594;0.37;
0.595;0.37;
0.595;0.37;
0.595;0.371;
0.595;0.371;
0.595;0.371;
0.595;0.372;
0.594;0.372;
0.594;0.372;
0.594;0.372;
0.594;0.372;
0.594;0.373;
0.594;0.373;
0.594;0.373;
0.594;0.374;
0.593;0.374;
0.593;0.374;
0.593;0.375;
0.593;0.375;
0.593;0.375;
0.593;0.375;
0.593;0.375;
0.592;0.375;
0.592;0.375;
0.592;0.375;
0.592;0.375;
0.592;0.375;
0.592;0.375;
0.592;0.375;
0.592;0.375;
0.592;0.375;
0.592;0.375;
0.592;0.375;
0.592;0.375;
0.592;0.375;
0.592;0.375;
0.592;0.375;
0.592;0.375;
0.592;0.375;
0.592;0.375;
0.592;0.375;
0.592;0.375;
0.592;0.375;
0.592;0.375;
0.592;0.375;
0.592;0.375;
0.592;0.375;
0.592;0.375;
0.592;0.375;
0.592;0.375;
0.592;0.375;
0.592;0.375;
0.592;0.375;
0.592;0.375;
0.592;0.375;
0.594;0.375;
0.594;0.375;
0.594;0.376;
0.594;0.376;
0.594;0.376;
0.594;0.376;
0.594;0.376;
0.595;0.376;
0.595;0.376;
0.595;0.376;
0.595;0.376;
0.595;0.375;
0.595;0.375;
0.595;0.375;
0.595;0.375;
0.595;0.375;
0.595;0.375;
0.595;0.375;
0.595;0.375;
0.595;0.375;
0.595;0.375;
0.595;0.375;
0.595;0.375;
0.595;0.375;
0.595;0.375;
0.595;0.375;
0.596;0.375;
0.596;0.375;
0.596;0.376;
0.596;0.376;
0.596;0.376;
0.596;0.376;
0.596;0.376;
0.47;0.291;
0.468;0.289;
0.466;0.288;
0.464;0.287;
0.462;0.285;
0.462;0.285;
0.459;0.285;
0.457;0.284;
0.455;0.284;
0.453;0.284;
0.451;0.284;
0.45;0.284;
0.449;0.284;
0.448;0.284;
0.447;0.285;
0.447;0.285;
0.445;0.286;
0.444;0.287;
0.443;0.288;
0.442;0.289;
0.441;0.291;
0.44;0.292;
0.439;0.294;
0.438;0.296;
0.437;0.298;
0.437;0.298;
0.436;0.3;
0.434;0.302;
0.433;0.304;
0.432;0.306;
0.431;0.309;
0.429;0.311;
0.428;0.313;
0.427;0.315;
0.425;0.317;
0.425;0.317;
0.424;0.319;
0.423;0.321;
0.422;0.322;
0.42;0.324;
0.418;0.325;
0.417;0.326;
0.415;0.327;
0.414;0.328;
0.413;0.328;
0.412;0.328;
0.412;0.328;
0.411;0.328;
0.409;0.328;
0.408;0.328;
0.407;0.327;
0.407;0.327;
0.406;0.327;
0.405;0.326;
0.405;0.326;
0.404;0.325;
0.404;0.325;
0.404;0.325;
0.404;0.325;
0.404;0.325;
0.404;0.326;
0.404;0.326;
0.403;0.326;
0.403;0.326;
0.403;0.326;
0.403;0.327;
0.403;0.327;
0.403;0.326;
0.403;0.326;
0.403;0.326;
0.403;0.326;
0.403;0.326;
0.403;0.326;
0.403;0.326;
0.403;0.326;
0.403;0.326;
0.403;0.326;
0.403;0.326;
0.403;0.326;
0.403;0.326;
0.404;0.326;
0.404;0.326;
0.404;0.326;
0.404;0.326;
0.404;0.325;
0.404;0.325;
0.404;0.325;
0.404;0.325;
0.404;0.325;
0.405;0.325;
0.405;0.324;
0.405;0.325;
0.406;0.324;
0.406;0.324;
0.406;0.324;
0.407;0.325;
0.407;0.325;
0.407;0.325;
0.408;0.325;
0.408;0.325;
0.409;0.326;
0.409;0.326;
0.41;0.327;
0.41;0.327;
0.411;0.328;
0.411;0.329;
0.411;0.329;
0.412;0.33;
0.412;0.331;
0.413;0.332;
0.413;0.333;
0.414;0.334;
0.414;0.335;
0.415;0.336;
0.415;0.337;
0.415;0.338;
0.415;0.338;
0.415;0.338;
0.415;0.339;
0.416;0.34;
0.416;0.34;
0.416;0.341;
0.415;0.341;
0.415;0.341;
0.415;0.341;
0.415;0.342;
0.415;0.342;
0.415;0.342;
0.415;0.343;
0.415;0.343;
0.415;0.344;
0.414;0.345;
0.414;0.345;
0.414;0.345;
0.414;0.346;
0.414;0.346;
0.414;0.346;
0.414;0.346;
0.414;0.346;
0.414;0.346;
0.414;0.346;
0.414;0.346;
0.414;0.346;
0.414;0.346;
0.414;0.346;
0.414;0.346;
0.414;0.346;
0.414;0.346;
0.414;0.347;
0.414;0.347;
0.414;0.347;
0.414;0.347;
0.415;0.347;
0.415;0.346;
0.415;0.346;
0.415;0.346;
0.415;0.346;
0.415;0.346;
0.415;0.346;
0.415;0.346;
0.415;0.345;
0.415;0.345;
0.415;0.345;
0.415;0.345;
0.415;0.345;
0.415;0.345;
0.415;0.345;
0.415;0.345;
0.415;0.345;
0.415;0.344;
0.415;0.344;
0.415;0.344;
0.415;0.344;
0.415;0.343;
0.415;0.343;
0.415;0.343;
0.415;0.343;
0.415;0.343;
0.415;0.343;
0.415;0.343;
0.415;0.343;
0.415;0.343;
0.415;0.343;
0.415;0.342;
0.415;0.342;
0.416;0.341;
0.416;0.341;
0.416;0.341;
0.416;0.341;
0.416;0.34;
0.416;0.34;
0.416;0.34;
0.416;0.34;
0.416;0.34;
0.416;0.34;
0.416;0.341;
0.416;0.341;
0.416;0.34;
0.416;0.34;
0.417;0.34;
0.417;0.34;
0.417;0.34;
0.417;0.34;
0.417;0.34;
0.417;0.34;
0.417;0.34;
0.417;0.34;
0.417;0.34;
0.417;0.34;
0.417;0.34;
0.417;0.34;
0.417;0.34;
0.417;0.34;
0.417;0.34;
0.417;0.34;
0.417;0.34;
0.417;0.34;
0.417;0.34;
0.417;0.34;
0.417;0.34;
0.417;0.34;
0.417;0.34;
0.417;0.34;
0.417;0.34;
0.417;0.34;
0.416;0.339;
0.416;0.339;
0.416;0.339;
0.415;0.339;
0.414;0.339;
0.413;0.34;
0.412;0.34;
0.41;0.34;
0.409;0.341;
0.408;0.341;
0.407;0.341;
0.407;0.341;
0.406;0.341;
0.405;0.342;
0.403;0.342;
0.401;0.342;
0.399;0.343;
0.398;0.344;
0.396;0.346;
0.395;0.349;
0.394;0.351;
0.394;0.351;
0.392;0.354;
0.391;0.356;
0.39;0.359;
0.389;0.362;
0.388;0.365;
0.387;0.368;
0.386;0.372;
0.385;0.376;
0.384;0.379;
0.384;0.379;
0.384;0.383;
0.383;0.387;
0.382;0.39;
0.38;0.394;
0.379;0.397;
0.377;0.4;
0.376;0.402;
0.374;0.404;
0.373;0.407;
0.373;0.407;
0.371;0.408;
0.37;0.411;
0.368;0.413;
0.367;0.415;
0.365;0.418;
0.364;0.42;
0.362;0.423;
0.361;0.426;
0.36;0.429;
0.359;0.432;
0.359;0.432;
0.358;0.434;
0.358;0.437;
0.357;0.44;
0.357;0.442;
0.356;0.444;
0.356;0.444;
0.356;0.444;
0.356;0.444;
0.356;0.444;
0.356;0.444;
0.356;0.444;
0.356;0.444;
0.356;0.444;
0.356;0.444;
0.356;0.444;
0.356;0.444;
0.356;0.444;
0.356;0.444;
0.356;0.444;
0.356;0.444;
0.356;0.444;
0.356;0.444;
0.356;0.444;
0.356;0.444;
0.356;0.444;
0.356;0.444;
0.356;0.444;
0.356;0.444;
0.356;0.444;
0.356;0.444;
0.356;0.444;
0.356;0.444;
0.356;0.444;
0.356;0.444;
0.356;0.444;
0.356;0.444;
0.356;0.444;
0.356;0.444;
0.325;0.439;
0.325;0.439;
0.326;0.438;
0.326;0.438;
0.326;0.438;
0.327;0.438;
0.327;0.438;
0.327;0.438;
0.328;0.437;
0.328;0.437;
0.328;0.437;
0.328;0.437;
0.329;0.437;
0.329;0.437;
0.329;0.437;
0.329;0.437;
0.329;0.437;
0.329;0.437;
0.329;0.437;
0.329;0.438;
0.33;0.438;
0.33;0.438;
0.33;0.438;
0.33;0.438;
0.33;0.438;
0.331;0.438;
0.331;0.439;
0.332;0.439;
0.333;0.44;
0.333;0.441;
0.335;0.441;
0.335;0.441;
0.336;0.441;
0.337;0.442;
0.339;0.442;
0.341;0.443;
0.342;0.443;
0.345;0.444;
0.348;0.444;
0.351;0.445;
0.6;0.387;
0.6;0.388;
0.601;0.39;
0.601;0.391;
0.601;0.393;
0.602;0.394;
0.602;0.396;
0.602;0.397;
0.602;0.397;
0.602;0.399;
0.602;0.401;
0.602;0.404;
0.603;0.406;
0.603;0.409;
0.604;0.413;
0.606;0.415;
0.607;0.418;
0.608;0.421;
0.608;0.421;
0.609;0.424;
0.611;0.426;
0.612;0.429;
0.614;0.431;
0.616;0.433;
0.618;0.435;
0.62;0.436;
0.622;0.437;
0.623;0.438;
0.623;0.438;
0.624;0.438;
0.625;0.439;
0.626;0.439;
0.627;0.44;
0.628;0.44;
0.628;0.44;
0.628;0.44;
0.628;0.44;
0.627;0.441;
0.627;0.441;
0.627;0.441;
0.626;0.441;
0.626;0.442;
0.625;0.442;
0.624;0.442;
0.623;0.442;
0.622;0.442;
0.621;0.442;
0.62;0.442;
0.619;0.441;
0.619;0.441;
0.618;0.441;
0.617;0.44;
0.616;0.44;
0.615;0.44;
0.614;0.44;
0.613;0.44;
0.613;0.44;
0.612;0.439;
0.612;0.439;
0.612;0.439;
0.612;0.438;
0.612;0.437;
0.612;0.437;
0.612;0.436;
0.612;0.435;
0.612;0.435;
0.612;0.434;
0.612;0.434;
0.613;0.433;
0.613;0.433;
0.613;0.433;
0.613;0.432;
0.613;0.432;
0.613;0.432;
0.613;0.432;
0.613;0.432;
0.614;0.432;
0.614;0.432;
0.614;0.432;
0.614;0.432;
0.614;0.432;
0.614;0.433;
0.614;0.433;
0.615;0.433;
0.615;0.434;
0.615;0.434;
0.616;0.434;
0.616;0.433;
0.616;0.433;
0.616;0.433;
0.617;0.433;
0.617;0.433;
0.617;0.433;
0.617;0.433;
0.617;0.434;
0.617;0.435;
0.617;0.435;
0.617;0.437;
0.617;0.438;
0.617;0.438;
0.617;0.439;
0.617;0.441;
0.617;0.441;
0.617;0.441;
0.617;0.441;
0.617;0.441;
0.617;0.441;
0.617;0.441;
0.617;0.441;
0.617;0.441;
0.617;0.441;
0.617;0.441;
0.617;0.441;
0.617;0.441;
0.617;0.441;
0.617;0.441;
0.617;0.441;
0.617;0.441;
0.617;0.441;
0.617;0.441;
0.617;0.441;
0.617;0.441;
0.617;0.441;
0.617;0.441;
0.617;0.441;
0.617;0.441;
0.617;0.441;
0.617;0.441;
0.616;0.448;
0.617;0.448;
0.617;0.448;
0.617;0.449;
0.617;0.449;
0.618;0.449;
0.618;0.449;
0.618;0.449;
0.618;0.449;
0.619;0.449;
0.619;0.449;
0.619;0.449;
0.619;0.449;
0.619;0.449;
0.619;0.449;
0.619;0.449;
0.62;0.449;
0.619;0.449;
0.619;0.449;
0.619;0.449;
0.62;0.449;
0.62;0.449;
0.62;0.448;
0.62;0.448;
0.62;0.448;
0.62;0.448;
0.62;0.448;
0.62;0.448;
0.619;0.448;
0.62;0.448;
0.619;0.448;
0.619;0.448;
0.62;0.448;
0.62;0.447;
0.62;0.447;
0.62;0.447;
0.62;0.446;
0.62;0.446;
0.62;0.445;
0.619;0.445;
0.62;0.445;
0.62;0.445;
0.619;0.444;
0.619;0.444;
0.619;0.444;
0.619;0.444;
0.619;0.444;
0.619;0.443;
0.619;0.443;
0.619;0.443;
0.619;0.442;
0.619;0.442;
0.619;0.442;
0.619;0.442;
0.62;0.442;
0.62;0.441;
0.62;0.441;
0.62;0.441;
0.62;0.441;
0.62;0.44;
0.62;0.44;
0.62;0.44;
0.62;0.44;
0.62;0.44;
0.62;0.44;
0.62;0.44;
0.621;0.44;
0.621;0.44;
0.621;0.44;
0.621;0.44;
0.621;0.44;
0.621;0.44;
0.621;0.44;
0.621;0.44;
0.621;0.44;
0.621;0.441;
0.621;0.441;
0.622;0.44;
0.622;0.44;
0.622;0.439;
0.622;0.438;
0.622;0.438;
0.622;0.436;
0.623;0.435;
0.623;0.434;
0.623;0.433;
0.623;0.432;
0.624;0.431;
0.624;0.431;
0.624;0.43;
0.624;0.429;
0.624;0.429;
0.625;0.428;
0.626;0.427;
0.626;0.426;
0.627;0.424;
0.628;0.423;
0.629;0.422;
0.629;0.421;
0.63;0.42;
0.631;0.419;
0.631;0.419;
0.631;0.418;
0.632;0.417;
0.633;0.415;
0.634;0.413;
0.635;0.411;
0.636;0.409;
0.637;0.406;
0.638;0.404;
0.639;0.402;
0.639;0.402;
0.64;0.398;
0.641;0.394;
0.641;0.39;
0.642;0.385;
0.644;0.38;
0.645;0.376;
0.646;0.373;
0.646;0.37;
0.647;0.367;
0.647;0.367;
0.648;0.365;
0.648;0.363;
0.648;0.36;
0.649;0.358;
0.649;0.357;
0.65;0.355;
0.65;0.354;
0.65;0.353;
0.65;0.352;
0.65;0.352;
0.65;0.351;
0.65;0.35;
0.65;0.349;
0.65;0.347;
0.65;0.346;
0.65;0.344;
0.65;0.342;
0.65;0.341;
0.65;0.34;
0.65;0.34;
0.65;0.339;
0.65;0.339;
0.65;0.338;
0.651;0.338;
0.651;0.338;
0.651;0.338;
0.651;0.338;
0.651;0.339;
0.651;0.339;
0.652;0.339;
0.652;0.339;
0.652;0.339;
0.652;0.339;
0.653;0.339;
0.653;0.339;
0.653;0.339;
0.653;0.34;
0.653;0.34;
0.654;0.34;
0.654;0.34;
0.654;0.34;
0.654;0.34;
0.654;0.34;
0.655;0.34;
0.655;0.34;
0.655;0.34;
0.655;0.34;
0.656;0.34;
0.656;0.341;
0.656;0.341;
0.656;0.341;
0.656;0.342;
0.656;0.342;
0.656;0.342;
0.657;0.342;
0.657;0.343;
0.657;0.343;
0.657;0.343;
0.657;0.343;
0.658;0.343;
0.658;0.343;
0.658;0.343;
0.658;0.343;
0.658;0.343;
0.658;0.343;
0.658;0.343;
0.658;0.343;
0.658;0.343;
0.658;0.343;
0.657;0.343;
0.657;0.343;
0.657;0.343;
0.657;0.343;
0.657;0.344;
0.657;0.344;
0.657;0.344;
0.657;0.344;
0.657;0.344;
0.656;0.344;
0.656;0.344;
0.656;0.344;
0.656;0.344;
0.656;0.344;
0.656;0.344;
0.656;0.344;
0.655;0.344;
0.655;0.344;
0.655;0.344;
0.655;0.344;
0.655;0.344;
0.655;0.344;
0.655;0.344;
0.655;0.344;
0.656;0.344;
0.656;0.344;
0.656;0.344;
0.656;0.344;
0.656;0.344;
0.656;0.344;
0.656;0.344;
0.656;0.344;
0.657;0.344;
0.657;0.344;
0.657;0.345;
0.657;0.345;
0.657;0.345;
0.657;0.346;
0.657;0.346;
0.657;0.346;
0.657;0.346;
0.657;0.346;
0.657;0.346;
0.657;0.346;
0.657;0.346;
0.657;0.346;
0.657;0.346;
0.657;0.346;
0.657;0.346;
0.657;0.346;
0.657;0.346;
0.657;0.346;
0.657;0.346;
0.657;0.346;
0.657;0.347;
0.657;0.347;
0.657;0.347;
0.657;0.347;
0.657;0.348;
0.657;0.348;
0.657;0.348;
0.657;0.348;
0.657;0.348;
0.657;0.348;
0.657;0.349;
0.657;0.349;
0.657;0.349;
0.657;0.349;
0.657;0.349;
0.657;0.349;
0.657;0.349;
0.657;0.349;
0.656;0.35;
0.656;0.35;
0.656;0.35;
0.656;0.35;
0.656;0.35;
0.656;0.35;
0.656;0.35;
0.656;0.35;
0.656;0.35;
0.656;0.35;
0.656;0.35;
0.656;0.35;
0.656;0.35;
0.656;0.35;
0.656;0.35;
0.656;0.351;
0.656;0.351;
0.656;0.351;
0.656;0.351;
0.656;0.351;
0.656;0.351;
0.656;0.351;
0.656;0.351;
0.656;0.35;
0.657;0.35;
0.657;0.35;
0.657;0.35;
0.657;0.35;
0.657;0.35;
0.657;0.35;
0.657;0.35;
0.657;0.351;
0.657;0.351;
0.657;0.351;
0.656;0.351;
0.656;0.35;
0.656;0.35;
0.656;0.35;
0.656;0.35;
0.656;0.35;
0.656;0.349;
0.656;0.349;
0.656;0.349;
0.656;0.35;
0.656;0.35;
0.656;0.35;
0.656;0.35;
0.656;0.351;
0.656;0.351;
0.656;0.351;
0.656;0.351;
0.656;0.351;
0.655;0.35;
0.655;0.35;
0.655;0.35;
0.655;0.349;
0.655;0.349;
0.654;0.349;
0.654;0.349;
0.654;0.349;
0.654;0.349;
0.653;0.349;
0.653;0.349;
0.653;0.349;
0.652;0.349;
0.652;0.349;
0.652;0.349;
0.652;0.349;
0.652;0.349;
0.652;0.349;
0.651;0.348;
0.651;0.348;
0.651;0.348;
0.651;0.348;
0.651;0.348;
0.651;0.348;
0.651;0.348;
0.651;0.348;
0.651;0.348;
0.651;0.348;
0.651;0.348;
0.651;0.348;
0.651;0.348;
0.651;0.348;
0.651;0.348;
0.651;0.348;
0.651;0.348;
0.65;0.348;
0.65;0.348;
0.65;0.348;
0.65;0.348;
0.65;0.348;
0.65;0.348;
0.65;0.348;
0.65;0.348;
0.65;0.347;
0.65;0.347;
0.65;0.347;
0.65;0.347;
0.65;0.347;
0.649;0.347;
0.649;0.347;
0.649;0.348;
0.649;0.348;
0.649;0.348;
0.649;0.348;
0.649;0.348;
0.649;0.348;
0.649;0.348;
0.649;0.348;
0.649;0.348;
0.649;0.348;
0.649;0.348;
0.649;0.348;
0.649;0.348;
0.649;0.348;
0.649;0.348;
0.649;0.348;
0.649;0.348;
0.649;0.348;
0.649;0.348;
0.649;0.348;
0.649;0.348;
0.649;0.348;
0.649;0.348;
0.649;0.348;
0.649;0.348;
0.649;0.348;
0.649;0.348;
0.649;0.348;
0.649;0.348;
0.649;0.348;
0.649;0.348;
0.649;0.348;
0.649;0.348;
0.649;0.353;
0.649;0.353;
0.649;0.353;
0.649;0.353;
0.649;0.353;
0.649;0.353;
0.649;0.353;
0.649;0.353;
0.648;0.353;
0.648;0.353;
0.648;0.353;
0.648;0.353;
0.648;0.354;
0.648;0.354;
0.648;0.354;
0.648;0.354;
0.648;0.354;
0.648;0.354;
0.648;0.355;
0.648;0.355;
0.648;0.355;
0.648;0.355;
0.648;0.355;
0.648;0.355;
0.648;0.355;
0.648;0.355;
0.648;0.355;
0.648;0.355;
0.648;0.355;
0.648;0.355;
0.648;0.355;
0.648;0.354;
0.648;0.354;
0.648;0.354;
0.648;0.354;
0.648;0.354;
0.647;0.353;
0.522;0.294;
0.522;0.294;
0.522;0.294;
0.523;0.294;
0.523;0.294;
0.523;0.294;
0.523;0.294;
0.524;0.294;
0.524;0.294;
0.524;0.294;
0.524;0.294;
0.524;0.294;
0.525;0.294;
0.525;0.294;
0.525;0.295;
0.525;0.295;
0.525;0.295;
0.525;0.295;
0.525;0.295;
0.525;0.295;
0.525;0.295;
0.525;0.295;
0.525;0.295;
0.525;0.295;
0.525;0.295;
0.525;0.295;
0.525;0.294;
0.525;0.294;
0.526;0.294;
0.525;0.293;
0.525;0.293;
0.525;0.293;
0.525;0.293;
0.525;0.293;
0.525;0.293;
0.525;0.293;
0.525;0.293;
0.525;0.293;
0.525;0.292;
0.525;0.292;
0.525;0.292;
0.525;0.291;
0.525;0.291;
0.525;0.291;
0.525;0.291;
0.525;0.291;
0.525;0.291;
0.525;0.291;
0.525;0.291;
0.525;0.291;
0.525;0.291;
0.525;0.291;
0.525;0.291;
0.525;0.291;
0.525;0.291;
0.525;0.291;
0.525;0.291;
0.525;0.291;
0.525;0.291;
0.525;0.291;
0.525;0.291;
0.525;0.291;
0.525;0.291;
0.525;0.291;
0.525;0.291;
0.525;0.291;
0.525;0.291;
0.525;0.291;
0.525;0.291;
0.525;0.291;
0.525;0.291;
0.525;0.291;
0.525;0.291;
0.525;0.291;
0.525;0.291;
0.525;0.291;
0.526;0.288;
0.526;0.288;
0.526;0.288;
0.526;0.287;
0.526;0.287;
0.526;0.287;
0.526;0.287;
0.526;0.287;
0.527;0.286;
0.527;0.286;
0.527;0.286;
0.527;0.286;
0.527;0.286;
0.527;0.286;
0.527;0.286;
0.527;0.286;
0.527;0.287;
0.527;0.287;
0.527;0.287;
0.527;0.288;
0.527;0.289;
0.527;0.289;
0.527;0.29;
0.527;0.29;
0.527;0.29;
0.527;0.29;
0.527;0.29;
0.527;0.29;
0.527;0.289;
0.527;0.289;
0.527;0.289;
0.527;0.289;
0.527;0.289;
0.526;0.288;
0.526;0.289;
0.526;0.289;
0.526;0.289;
0.526;0.289;
0.526;0.289;
0.526;0.289;
0.526;0.29;
0.526;0.29;
0.526;0.29;
0.526;0.29;
0.526;0.291;
0.526;0.291;
0.526;0.291;
0.526;0.291;
0.526;0.291;
0.526;0.291;
0.526;0.291;
0.526;0.291;
0.526;0.291;
0.45;0.29;
0.45;0.29;
0.45;0.29;
0.451;0.29;
0.451;0.289;
0.451;0.289;
0.451;0.289;
0.451;0.289;
0.451;0.289;
0.451;0.289;
0.452;0.289;
0.452;0.289;
0.452;0.289;
0.452;0.289;
0.452;0.289;
0.452;0.289;
0.452;0.289;
0.452;0.289;
0.452;0.289;
0.453;0.289;
0.453;0.29;
0.453;0.29;
0.453;0.29;
0.454;0.291;
0.454;0.291;
0.454;0.291;
0.454;0.291;
0.454;0.29;
0.455;0.29;
0.455;0.289;
0.455;0.289;
0.455;0.288;
0.455;0.288;
0.455;0.287;
0.455;0.287;
0.455;0.287;
0.455;0.287;
0.455;0.287;
0.455;0.287;
0.454;0.288;
0.454;0.288;
0.454;0.288;
0.454;0.288;
0.454;0.288;
0.454;0.287;
0.455;0.287;
0.455;0.287;
0.455;0.286;
0.454;0.285;
0.455;0.285;
0.455;0.285;
0.455;0.284;
0.455;0.284;
0.455;0.284;
0.455;0.284;
0.455;0.284;
0.455;0.284;
0.455;0.284;
0.455;0.284;
0.455;0.284;
0.455;0.284;
0.455;0.284;
0.456;0.284;
0.456;0.283;
0.456;0.283;
0.456;0.283;
0.456;0.283;
0.456;0.282;
0.457;0.282;
0.457;0.282;
0.457;0.282;
0.457;0.283;
0.457;0.283;
0.457;0.284;
0.457;0.285;
0.457;0.285;
0.457;0.285;
0.457;0.285;
0.457;0.285;
0.457;0.285;
0.457;0.284;
0.457;0.284;
0.457;0.283;
0.456;0.284;
0.456;0.284;
0.456;0.284;
0.456;0.284;
0.456;0.285;
0.456;0.286;
0.456;0.286;
0.456;0.286;
0.456;0.287;
0.457;0.287;
0.457;0.287;
0.457;0.287;
0.457;0.286;
0.457;0.286;
0.457;0.286;
0.456;0.286;
0.456;0.286;
0.456;0.285;
0.455;0.285;
0.455;0.285;
0.455;0.285;
0.455;0.286;
0.455;0.286;
0.455;0.286;
0.455;0.286;
0.455;0.286;
0.456;0.286;
0.456;0.286;
0.456;0.285;
0.456;0.285;
0.457;0.284;
0.457;0.284;
0.457;0.284;
0.457;0.284;
0.457;0.284;
0.457;0.284;
0.457;0.285;
0.457;0.285;
0.457;0.285;
0.457;0.286;
0.457;0.286;
0.457;0.286;
0.457;0.286;
0.457;0.286;
0.456;0.285;
0.456;0.284;
0.457;0.283;
0.457;0.283;
0.457;0.282;
0.457;0.282;
0.457;0.282;
0.457;0.283;
0.457;0.283;
0.457;0.283;
0.457;0.283;
0.457;0.284;
0.457;0.284;
0.457;0.285;
0.457;0.285;
0.457;0.285;
0.457;0.285;
0.457;0.285;
0.458;0.285;
0.458;0.285;
0.458;0.285;
0.458;0.285;
0.458;0.285;
0.458;0.285;
0.458;0.284;
0.458;0.284;
0.458;0.284;
0.458;0.284;
0.458;0.284;
0.458;0.284;
0.458;0.284;
0.457;0.285;
0.457;0.285;
0.457;0.286;
0.457;0.287;
0.457;0.287;
0.457;0.287;
0.457;0.287;
0.457;0.286;
0.457;0.286;
0.457;0.286;
0.457;0.286;
0.458;0.285;
0.458;0.285;
0.458;0.285;
0.458;0.285;
0.458;0.285;
0.458;0.285;
0.457;0.285;
0.457;0.285;
0.457;0.285;
0.457;0.286;
0.457;0.286;
0.456;0.285;
0.456;0.285;
0.456;0.285;
0.456;0.285;
0.456;0.284;
0.456;0.284;
0.456;0.284;
0.456;0.283;
0.456;0.282;
0.456;0.282;
0.456;0.281;
0.457;0.281;
0.457;0.281;
0.457;0.281;
0.457;0.281;
0.457;0.282;
0.457;0.282;
0.457;0.282;
0.457;0.282;
0.457;0.281;
0.457;0.281;
0.457;0.281;
0.457;0.28;
0.457;0.28;
0.457;0.28;
0.457;0.28;
0.457;0.28;
0.457;0.279;
0.457;0.279;
0.458;0.278;
0.458;0.278;
0.458;0.278;
0.458;0.278;
0.458;0.278;
0.458;0.279;
0.458;0.279;
0.458;0.279;
0.458;0.279;
0.458;0.279;
0.458;0.28;
0.458;0.28;
0.458;0.28;
0.459;0.28;
0.459;0.28;
0.459;0.279;
0.459;0.279;
0.459;0.279;
0.459;0.279;
0.459;0.279;
0.459;0.279;
0.459;0.279;
0.459;0.279;
0.459;0.279;
0.459;0.279;
0.459;0.28;
0.459;0.28;
0.459;0.28;
0.459;0.28;
0.458;0.28;
0.458;0.28;
0.458;0.281;
0.458;0.281;
0.458;0.28;
0.458;0.28;
0.458;0.28;
0.458;0.279;
0.458;0.279;
0.458;0.279;
0.458;0.279;
0.458;0.279;
0.458;0.279;
0.458;0.28;
0.458;0.28;
0.457;0.28;
0.457;0.28;
0.457;0.28;
0.457;0.28;
0.457;0.28;
0.458;0.279;
0.458;0.279;
0.458;0.278;
0.458;0.277;
0.458;0.277;
0.458;0.277;
0.459;0.276;
0.459;0.276;
0.459;0.276;
0.459;0.276;
0.459;0.276;
0.459;0.276;
0.459;0.276;
0.459;0.277;
0.459;0.277;
0.459;0.277;
0.459;0.276;
0.459;0.276;
0.459;0.275;
0.459;0.275;
0.459;0.275;
0.458;0.275;
0.458;0.274;
0.458;0.274;
0.458;0.274;
0.458;0.274;
0.458;0.274;
0.458;0.274;
0.458;0.274;
0.458;0.274;
0.458;0.274;
0.458;0.274;
0.458;0.274;
0.458;0.274;
0.458;0.274;
0.458;0.274;
0.458;0.274;
0.458;0.274;
0.458;0.274;
0.458;0.274;
0.458;0.274;
0.458;0.274;
0.458;0.274;
0.458;0.274;
0.458;0.274;
0.458;0.274;
0.458;0.274;
0.458;0.274;
0.458;0.274;
0.458;0.274;
0.458;0.274;
0.458;0.274;
0.458;0.274;
0.458;0.274;
0.458;0.274;
0.458;0.274;
0.459;0.274;
0.459;0.273;
0.459;0.273;
0.459;0.273;
0.459;0.273;
0.459;0.273;
0.459;0.273;
0.459;0.273;
0.459;0.274;
0.459;0.274;
0.459;0.274;
0.459;0.274;
0.459;0.275;
0.459;0.275;
0.459;0.274;
0.459;0.274;
0.459;0.274;
0.459;0.274;
0.459;0.274;
0.459;0.274;
0.459;0.274;
0.459;0.273;
0.458;0.273;
0.458;0.273;
0.458;0.274;
0.458;0.274;
0.458;0.274;
0.458;0.275;
0.458;0.275;
0.458;0.275;
0.459;0.275;
0.459;0.275;
0.459;0.275;
0.459;0.275;
0.459;0.275;
0.459;0.275;
0.459;0.275;
0.544;0.329;
0.544;0.329;
0.544;0.329;
0.544;0.329;
0.544;0.329;
0.544;0.329;
0.544;0.329;
0.544;0.329;
0.544;0.329;
0.544;0.329;
0.544;0.329;
0.544;0.329;
0.544;0.329;
0.544;0.329;
0.544;0.329;
0.544;0.329;
0.544;0.329;
0.544;0.329;
0.544;0.329;
0.544;0.329;
0.544;0.329;
0.544;0.329;
0.544;0.329;
0.544;0.329;
0.544;0.329;
0.544;0.329;
0.544;0.329;
0.544;0.329;
0.544;0.329;
0.544;0.329;
0.544;0.329;
0.544;0.329;
0.544;0.329;
0.544;0.329;
0.545;0.317;
0.545;0.316;
0.545;0.316;
0.546;0.316;
0.546;0.316;
0.546;0.316;
0.546;0.316;
0.546;0.316;
0.546;0.315;
0.546;0.315;
0.546;0.315;
0.546;0.315;
0.546;0.314;
0.546;0.314;
0.546;0.314;
0.546;0.314;
0.546;0.313;
0.546;0.313;
0.546;0.313;
0.546;0.313;
0.546;0.313;
0.546;0.313;
0.546;0.312;
0.546;0.312;
0.546;0.311;
0.546;0.311;
0.546;0.31;
0.546;0.31;
0.546;0.309;
0.546;0.309;
0.547;0.309;
0.547;0.308;
0.547;0.308;
0.547;0.308;
0.547;0.308;
0.547;0.308;
0.548;0.308;
0.548;0.308;
0.548;0.308;
0.548;0.308;
0.548;0.308;
0.548;0.308;
0.548;0.308;
0.548;0.308;
0.548;0.308;
0.548;0.307;
0.547;0.307;
0.547;0.307;
0.547;0.307;
0.547;0.307;
0.547;0.307;
0.547;0.307;
0.547;0.307;
0.547;0.307;
0.547;0.307;
0.546;0.307;
0.546;0.307;
0.546;0.307;
0.546;0.307;
0.546;0.307;
0.546;0.307;
0.546;0.306;
0.546;0.306;
0.547;0.306;
0.547;0.306;
0.547;0.306;
0.547;0.306;
0.547;0.307;
0.547;0.307;
0.547;0.307;
0.547;0.307;
0.547;0.307;
0.547;0.307;
0.547;0.307;
0.547;0.307;
0.547;0.306;
0.547;0.306;
0.547;0.306;
0.547;0.306;
0.547;0.306;
0.548;0.306;
0.548;0.306;
0.548;0.306;
0.548;0.306;
0.548;0.306;
0.548;0.306;
0.548;0.306;
0.548;0.306;
0.548;0.306;
0.548;0.306;
0.548;0.306;
0.548;0.306;
0.548;0.306;
0.548;0.306;
0.548;0.306;
0.548;0.305;
0.548;0.306;
0.548;0.306;
0.548;0.306;
0.548;0.306;
0.548;0.306;
0.548;0.306;
0.548;0.306;
0.548;0.307;
0.548;0.307;
0.548;0.307;
0.548;0.307;
0.547;0.307;
0.547;0.307;
0.286;0.495;
0.285;0.497;
0.284;0.498;
0.283;0.499;
0.283;0.499;
0.282;0.5;
0.282;0.5;
0.281;0.5;
0.281;0.5;
0.281;0.5;
0.28;0.5;
0.281;0.5;
0.281;0.5;
0.281;0.5;
0.281;0.501;
0.281;0.501;
0.281;0.501;
0.281;0.502;
0.281;0.502;
0.282;0.502;
0.282;0.502;
0.282;0.502;
0.282;0.501;
0.283;0.501;
0.283;0.501;
0.283;0.501;
0.283;0.5;
0.284;0.5;
0.284;0.5;
0.284;0.5;
0.284;0.5;
0.284;0.5;
0.284;0.499;
0.284;0.499;
0.285;0.499;
0.285;0.499;
0.285;0.499;
0.285;0.499;
0.285;0.498;
0.285;0.498;
0.285;0.498;
0.285;0.498;
0.285;0.497;
0.285;0.497;
0.285;0.497;
0.285;0.497;
0.285;0.497;
0.285;0.497;
0.285;0.497;
0.285;0.497;
0.285;0.497;
0.285;0.497;
0.286;0.497;
0.286;0.497;
0.286;0.497;
0.286;0.497;
0.286;0.497;
0.286;0.497;
0.286;0.497;
0.286;0.497;
0.287;0.498;
0.287;0.498;
0.287;0.498;
0.287;0.498;
0.287;0.498;
0.287;0.499;
0.287;0.499;
0.287;0.499;
0.287;0.499;
0.287;0.499;
0.286;0.499;
0.286;0.499;
0.286;0.499;
0.286;0.499;
0.286;0.499;
0.286;0.499;
0.286;0.499;
0.286;0.499;
0.286;0.499;
0.286;0.499;
0.286;0.499;
0.286;0.5;
0.286;0.5;
0.286;0.5;
0.286;0.501;
0.287;0.501;
0.287;0.501;
0.287;0.501;
0.287;0.501;
0.287;0.501;
0.287;0.5;
0.287;0.5;
0.287;0.5;
0.287;0.5;
0.287;0.5;
0.287;0.5;
0.287;0.5;
0.287;0.5;
0.287;0.5;
0.287;0.5;
0.287;0.5;
0.287;0.5;
0.287;0.5;
0.287;0.5;
0.287;0.5;
0.287;0.5;
0.287;0.5;
0.287;0.5;
0.287;0.5;
0.287;0.5;
0.287;0.5;
0.287;0.5;
0.287;0.5;
0.287;0.5;
0.287;0.5;
0.287;0.5;
0.287;0.5;
0.287;0.5;
0.287;0.5;
0.287;0.5;
0.287;0.5;
0.287;0.5;
0.287;0.5;
0.287;0.498;
0.287;0.498;
0.287;0.498;
0.287;0.498;
0.287;0.499;
0.287;0.499;
0.287;0.499;
0.287;0.499;
0.287;0.499;
0.287;0.499;
0.287;0.498;
0.287;0.498;
0.287;0.498;
0.287;0.498;
0.287;0.498;
0.287;0.498;
0.287;0.498;
0.287;0.498;
0.287;0.498;
0.287;0.498;
0.287;0.498;
0.287;0.498;
0.287;0.498;
0.287;0.498;
0.287;0.498;
0.287;0.498;
0.287;0.498;
0.287;0.498;
0.287;0.498;
0.287;0.498;
0.287;0.498;
0.287;0.498;
0.287;0.498;
0.287;0.498;
0.287;0.498;
0.287;0.498;
0.287;0.498;
0.287;0.498;
0.287;0.498;
0.287;0.497;
0.287;0.497;
0.287;0.497;
0.287;0.497;
0.288;0.496;
0.288;0.496;
0.288;0.496;
0.288;0.497;
0.288;0.497;
0.288;0.497;
0.288;0.496;
0.288;0.496;
0.288;0.496;
0.288;0.496;
0.288;0.497;
0.288;0.497;
0.288;0.497;
0.288;0.496;
0.288;0.496;
0.288;0.496;
0.288;0.496;
0.288;0.496;
0.287;0.497;
0.287;0.497;
0.287;0.496;
0.287;0.496;
0.287;0.496;
0.287;0.496;
0.287;0.496;
0.288;0.496;
0.288;0.496;
0.288;0.495;
0.288;0.495;
0.288;0.495;
0.288;0.496;
0.288;0.496;
0.288;0.496;
0.288;0.496;
0.288;0.496;
0.288;0.496;
0.288;0.496;
0.288;0.497;
0.288;0.497;
0.288;0.497;
0.288;0.497;
0.288;0.497;
0.288;0.497;
0.287;0.496;
0.287;0.496;
0.287;0.496;
0.287;0.496;
0.287;0.496;
0.287;0.496;
0.232;0.411;
0.232;0.411;
0.23;0.411;
0.228;0.412;
0.227;0.412;
0.225;0.412;
0.224;0.413;
0.224;0.413;
0.224;0.414;
0.225;0.415;
0.225;0.415;
0.225;0.415;
0.226;0.415;
0.227;0.415;
0.227;0.414;
0.227;0.414;
0.228;0.413;
0.228;0.413;
0.229;0.413;
0.229;0.413;
0.23;0.413;
0.23;0.413;
0.23;0.413;
0.23;0.413;
0.23;0.412;
0.23;0.412;
0.23;0.412;
0.23;0.412;
0.23;0.412;
0.23;0.412;
0.23;0.412;
0.23;0.412;
0.23;0.412;
0.229;0.412;
0.229;0.411;
0.228;0.411;
0.227;0.411;
0.226;0.411;
0.225;0.411;
0.224;0.41;
0.224;0.41;
0.223;0.41;
0.223;0.41;
0.222;0.409;
0.221;0.409;
0.22;0.408;
0.219;0.408;
0.218;0.407;
0.218;0.407;
0.217;0.407;
0.217;0.407;
0.217;0.407;
0.216;0.406;
0.216;0.407;
0.215;0.407;
0.215;0.407;
0.215;0.407;
0.215;0.408;
0.216;0.409;
0.216;0.41;
0.217;0.411;
0.217;0.411;
0.218;0.411;
0.218;0.412;
0.219;0.413;
0.22;0.413;
0.221;0.413;
0.222;0.414;
0.223;0.414;
0.224;0.413;
0.225;0.413;
0.226;0.413;
0.226;0.413;
0.226;0.413;
0.226;0.413;
0.226;0.413;
0.226;0.413;
0.226;0.413;
0.226;0.413;
0.226;0.413;
0.226;0.413;
0.226;0.413;
0.226;0.413;
0.226;0.413;
0.226;0.413;
0.226;0.413;
0.226;0.413;
0.226;0.413;
0.226;0.413;
0.226;0.413;
0.226;0.413;
0.226;0.413;
0.226;0.413;
0.226;0.413;
0.226;0.413;
0.226;0.413;
0.226;0.413;
0.226;0.413;
0.226;0.413;
0.227;0.413;
0.227;0.414;
0.227;0.414;
0.227;0.414;
0.227;0.414;
0.227;0.415;
0.227;0.415;
0.228;0.416;
0.228;0.416;
0.228;0.417;
0.228;0.417;
0.228;0.417;
0.228;0.417;
0.228;0.417;
0.228;0.417;
0.228;0.417;
0.228;0.417;
0.227;0.417;
0.227;0.417;
0.227;0.417;
0.227;0.417;
0.227;0.417;
0.227;0.417;
0.227;0.417;
0.227;0.417;
0.226;0.416;
0.226;0.416;
0.226;0.416;
0.226;0.416;
0.225;0.417;
0.225;0.417;
0.225;0.418;
0.225;0.419;
0.225;0.419;
0.224;0.419;
0.224;0.42;
0.224;0.42;
0.224;0.42;
0.223;0.421;
0.223;0.421;
0.223;0.421;
0.223;0.421;
0.223;0.421;
0.223;0.421;
0.223;0.421;
0.223;0.421;
0.224;0.421;
0.224;0.421;
0.498;0.38;
0.499;0.38;
0.499;0.38;
0.499;0.38;
0.499;0.38;
0.499;0.38;
0.499;0.38;
0.498;0.38;
0.498;0.38;
0.498;0.38;
0.498;0.38;
0.498;0.38;
0.498;0.38;
0.498;0.38;
0.498;0.38;
0.498;0.38;
0.498;0.38;
0.498;0.38;
0.498;0.38;
0.498;0.38;
0.413;0.33;
0.412;0.329;
0.412;0.329;
0.412;0.328;
0.412;0.328;
0.412;0.328;
0.413;0.327;
0.413;0.326;
0.413;0.325;
0.414;0.324;
0.414;0.323;
0.414;0.322;
0.414;0.322;
0.415;0.321;
0.415;0.321;
0.415;0.321;
0.415;0.32;
0.415;0.32;
0.415;0.319;
0.414;0.319;
0.414;0.319;
0.414;0.318;
0.414;0.318;
0.414;0.318;
0.414;0.318;
0.414;0.318;
0.414;0.318;
0.414;0.318;
0.414;0.319;
0.413;0.319;
0.413;0.32;
0.413;0.32;
0.413;0.32;
0.413;0.32;
0.413;0.32;
0.413;0.32;
0.412;0.32;
0.412;0.32;
0.412;0.32;
0.412;0.321;
0.413;0.322;
0.413;0.322;
0.413;0.323;
0.414;0.323;
0.414;0.324;
0.414;0.324;
0.414;0.324;
0.414;0.324;
0.415;0.324;
0.415;0.325;
0.415;0.325;
0.415;0.324;
0.416;0.324;
0.416;0.323;
0.416;0.323;
0.416;0.323;
0.416;0.323;
0.416;0.323;
0.416;0.322;
0.416;0.322;
0.415;0.323;
0.415;0.323;
0.415;0.322;
0.415;0.322;
0.414;0.322;
0.414;0.322;
0.414;0.322;
0.414;0.322;
0.414;0.322;
0.413;0.322;
0.413;0.322;
0.413;0.322;
0.412;0.322;
0.412;0.322;
0.412;0.322;
0.412;0.322;
0.412;0.322;
0.412;0.322;
0.412;0.322;
0.412;0.322;
0.412;0.322;
0.412;0.322;
0.412;0.322;
0.413;0.322;
0.413;0.322;
0.413;0.322;
0.413;0.322;
0.413;0.322;
0.413;0.322;
0.413;0.322;
0.413;0.322;
0.413;0.322;
0.413;0.322;
0.413;0.322;
0.413;0.322;
0.413;0.322;
0.413;0.322;
0.413;0.322;
0.413;0.322;
0.413;0.322;
0.413;0.322;
0.413;0.322;
0.413;0.322;
0.413;0.322;
0.413;0.322;
0.413;0.322;
0.413;0.322;
0.413;0.322;
0.413;0.322;
0.413;0.322;
0.413;0.322;
0.413;0.322;
0.417;0.324;
0.417;0.325;
0.417;0.325;
0.417;0.325;
0.417;0.325;
0.417;0.325;
0.417;0.325;
0.417;0.324;
0.417;0.324;
0.416;0.324;
0.416;0.324;
0.416;0.324;
0.416;0.325;
0.416;0.325;
0.416;0.325;
0.416;0.326;
0.416;0.326;
0.416;0.327;
0.415;0.327;
0.415;0.327;
0.415;0.328;
0.415;0.327;
0.415;0.327;
0.415;0.327;
0.415;0.327;
0.415;0.326;
0.415;0.326;
0.415;0.326;
0.415;0.326;
0.415;0.326;
0.415;0.326;
0.415;0.326;
0.415;0.327;
0.415;0.327;
0.415;0.327;
0.415;0.328;
0.414;0.328;
0.414;0.328;
0.415;0.328;
0.607;0.448;
0.607;0.448;
0.607;0.448;
0.608;0.447;
0.608;0.447;
0.608;0.447;
0.608;0.447;
0.609;0.447;
0.609;0.447;
0.61;0.448;
0.61;0.448;
0.61;0.449;
0.611;0.449;
0.612;0.45;
0.612;0.451;
0.613;0.451;
0.614;0.451;
0.614;0.451;
0.614;0.451;
0.615;0.451;
0.615;0.451;
0.616;0.451;
0.616;0.45;
0.617;0.45;
0.617;0.449;
0.618;0.448;
0.618;0.448;
0.618;0.448;
0.618;0.448;
0.618;0.447;
0.619;0.448;
0.618;0.448;
0.618;0.448;
0.618;0.448;
0.618;0.449;
0.618;0.449;
0.618;0.449;
0.618;0.448;
0.618;0.448;
0.618;0.448;
0.618;0.447;
0.618;0.447;
0.617;0.446;
0.617;0.446;
0.617;0.445;
0.617;0.444;
0.617;0.444;
0.617;0.443;
0.617;0.443;
0.617;0.443;
0.617;0.443;
0.617;0.443;
0.617;0.442;
0.617;0.442;
0.617;0.442;
0.617;0.442;
0.617;0.441;
0.617;0.441;
0.617;0.441;
0.617;0.441;
0.618;0.441;
0.618;0.441;
0.618;0.441;
0.618;0.441;
0.618;0.441;
0.618;0.441;
0.618;0.441;
0.618;0.442;
0.618;0.442;
0.618;0.442;
0.619;0.442;
0.619;0.442;
0.619;0.442;
0.619;0.442;
0.619;0.442;
0.618;0.442;
0.618;0.442;
0.618;0.442;
0.618;0.441;
0.618;0.441;
0.618;0.441;
0.618;0.441;
0.618;0.441;
0.618;0.441;
0.618;0.441;
0.618;0.442;
0.618;0.442;
0.618;0.442;
0.618;0.442;
0.618;0.442;
0.618;0.443;
0.618;0.443;
0.618;0.443;
0.618;0.443;
0.618;0.444;
0.618;0.444;
0.618;0.444;
0.618;0.443;
0.618;0.443;
0.618;0.443;
0.617;0.443;
0.617;0.443;
0.617;0.443;
0.617;0.443;
0.617;0.442;
0.617;0.442;
0.617;0.442;
0.617;0.442;
0.617;0.442;
0.617;0.442;
0.617;0.442;
0.617;0.442;
0.617;0.442;
0.617;0.443;
0.617;0.443;
0.617;0.443;
0.618;0.443;
0.618;0.443;
0.618;0.443;
0.618;0.443;
0.618;0.443;
0.618;0.443;
0.619;0.443;
0.619;0.443;
0.619;0.443;
0.619;0.442;
0.618;0.442;
0.618;0.442;
0.619;0.442;
0.619;0.442;
0.619;0.442;
0.619;0.442;
0.619;0.442;
0.619;0.442;
0.619;0.442;
0.619;0.442;
0.619;0.442;
0.619;0.442;
0.619;0.442;
0.619;0.442;
0.619;0.442;
0.619;0.442;
0.619;0.442;
0.619;0.442;
0.619;0.442;
0.619;0.442;
0.619;0.442;
0.619;0.442;
0.619;0.441;
0.619;0.441;
0.619;0.442;
0.619;0.442;
0.618;0.442;
0.618;0.442;
0.618;0.442;
0.618;0.442;
0.618;0.441;
0.618;0.441;
0.618;0.441;
0.618;0.441;
0.618;0.441;
0.618;0.441;
0.618;0.441;
0.618;0.441;
0.618;0.441;
0.618;0.442;
0.618;0.442;
0.618;0.442;
0.618;0.442;
0.618;0.442;
0.618;0.442;
0.618;0.442;
0.618;0.442;
0.618;0.442;
0.618;0.442;
0.618;0.442;
0.618;0.442;
0.618;0.442;
0.618;0.442;
0.618;0.442;
0.618;0.442;
0.618;0.442;
0.618;0.442;
0.618;0.442;
0.618;0.442;
0.618;0.442;
0.618;0.442;
0.618;0.442;
0.618;0.442;
0.618;0.442;
0.618;0.442;
0.618;0.442;
0.618;0.442;
0.618;0.442;
0.618;0.442;
0.618;0.442;
0.618;0.442;
0.618;0.442;
0.618;0.442;
0.618;0.442;
0.618;0.442;
0.618;0.442;
0.618;0.442;
0.618;0.442;
0.618;0.442;
0.618;0.442;
0.618;0.442;
0.618;0.442;
0.618;0.442;
0.618;0.442;
0.618;0.442;
0.618;0.443;
0.618;0.443;
0.618;0.443;
0.618;0.443;
0.618;0.443;
0.618;0.444;
0.618;0.444;
0.619;0.444;
0.619;0.444;
0.619;0.444;
0.619;0.444;
0.619;0.444;
0.619;0.444;
0.619;0.444;
0.619;0.444;
0.619;0.444;
0.619;0.444;
0.619;0.443;
0.619;0.443;
0.619;0.443;
0.619;0.443;
0.619;0.444;
0.619;0.444;
0.619;0.444;
0.619;0.444;
0.619;0.445;
0.619;0.445;
0.489;0.297;
0.489;0.297;
0.487;0.295;
0.484;0.293;
0.481;0.292;
0.479;0.29;
0.476;0.289;
0.473;0.287;
0.471;0.286;
0.469;0.285;
0.467;0.284;
0.467;0.284;
0.465;0.283;
0.463;0.282;
0.462;0.281;
0.46;0.28;
0.459;0.28;
0.458;0.28;
0.457;0.28;
0.456;0.28;
0.455;0.28;
0.455;0.28;
0.455;0.28;
0.454;0.28;
0.454;0.28;
0.454;0.281;
0.454;0.281;
0.454;0.282;
0.454;0.283;
0.454;0.284;
0.454;0.285;
0.454;0.285;
0.454;0.286;
0.455;0.288;
0.455;0.288;
0.455;0.288;
0.455;0.288;
0.455;0.288;
0.455;0.288;
0.455;0.288;
0.455;0.288;
0.455;0.288;
0.455;0.288;
0.455;0.288;
0.455;0.288;
0.455;0.288;
0.455;0.288;
0.455;0.288;
0.455;0.288;
0.455;0.288;
0.455;0.288;
0.455;0.288;
0.455;0.288;
0.455;0.288;
0.455;0.288;
0.455;0.288;
0.455;0.288;
0.455;0.288;
0.455;0.288;
0.459;0.337;
0.459;0.338;
0.459;0.338;
0.459;0.337;
0.459;0.337;
0.458;0.337;
0.458;0.336;
0.458;0.336;
0.458;0.336;
0.458;0.336;
0.457;0.335;
0.457;0.335;
0.457;0.335;
0.457;0.335;
0.457;0.335;
0.456;0.335;
0.456;0.335;
0.456;0.336;
0.456;0.336;
0.456;0.337;
0.455;0.337;
0.455;0.338;
0.455;0.338;
0.455;0.338;
0.455;0.339;
0.454;0.339;
0.454;0.339;
0.454;0.34;
0.454;0.339;
0.454;0.339;
0.453;0.339;
0.453;0.338;
0.453;0.338;
0.453;0.338;
0.453;0.338;
0.453;0.337;
0.453;0.337;
0.453;0.337;
0.453;0.337;
0.453;0.337;
0.453;0.337;
0.453;0.337;
0.453;0.337;
0.453;0.337;
0.453;0.337;
0.453;0.337;
0.453;0.338;
0.453;0.338;
0.454;0.338;
0.454;0.338;
0.453;0.339;
0.453;0.339;
0.453;0.339;
0.453;0.339;
0.451;0.316;
0.451;0.316;
0.45;0.315;
0.45;0.315;
0.45;0.314;
0.45;0.314;
0.45;0.314;
0.45;0.314;
0.45;0.314;
0.45;0.313;
0.45;0.313;
0.45;0.313;
0.45;0.312;
0.451;0.311;
0.451;0.311;
0.451;0.31;
0.451;0.31;
0.451;0.31;
0.451;0.309;
0.451;0.309;
0.452;0.309;
0.452;0.309;
0.452;0.309;
0.452;0.309;
0.453;0.309;
0.453;0.309;
0.453;0.309;
0.453;0.309;
0.453;0.309;
0.453;0.309;
0.454;0.309;
0.454;0.309;
0.454;0.309;
0.454;0.308;
0.454;0.308;
0.454;0.308;
0.454;0.308;
0.454;0.307;
0.455;0.307;
0.455;0.307;
0.455;0.307;
0.455;0.307;
0.455;0.307;
0.455;0.306;
0.455;0.306;
0.455;0.305;
0.455;0.305;
0.455;0.305;
0.455;0.304;
0.455;0.304;
0.455;0.304;
0.456;0.303;
0.456;0.303;
0.456;0.303;
0.456;0.303;
0.456;0.303;
0.456;0.303;
0.456;0.303;
0.456;0.303;
0.456;0.303;
0.456;0.303;
0.456;0.303;
0.456;0.303;
0.456;0.303;
0.456;0.302;
0.456;0.302;
0.456;0.302;
0.456;0.302;
0.456;0.301;
0.456;0.301;
0.456;0.302;
0.456;0.302;
0.456;0.302;
0.456;0.303;
0.456;0.303;
0.456;0.303;
0.456;0.303;
0.456;0.303;
0.456;0.303;
0.456;0.303;
0.456;0.303;
0.456;0.302;
0.456;0.302;
0.456;0.302;
0.456;0.302;
0.456;0.302;
0.456;0.302;
0.456;0.302;
0.456;0.302;
0.456;0.303;
0.456;0.304;
0.457;0.304;
0.457;0.304;
0.457;0.304;
0.457;0.304;
0.457;0.304;
0.457;0.304;
0.457;0.304;
0.457;0.304;
0.457;0.304;
0.457;0.304;
0.457;0.304;
0.457;0.304;
0.457;0.305;
0.457;0.305;
0.457;0.305;
0.457;0.305;
0.457;0.305;
0.457;0.305;
0.457;0.305;
0.457;0.305;
0.457;0.305;
0.458;0.305;
0.458;0.305;
0.458;0.305;
0.458;0.305;
0.458;0.305;
0.458;0.305;
0.458;0.305;
0.458;0.306;
0.458;0.306;
0.458;0.306;
0.458;0.307;
0.458;0.307;
0.458;0.307;
0.458;0.307;
0.458;0.307;
0.458;0.307;
0.458;0.307;
0.458;0.307;
0.459;0.308;
0.458;0.308;
0.458;0.308;
0.459;0.308;
0.459;0.309;
0.459;0.309;
0.459;0.309;
0.459;0.309;
0.459;0.309;
0.459;0.309;
0.459;0.309;
0.459;0.309;
0.459;0.309;
0.459;0.309;
0.459;0.309;
0.459;0.309;
0.459;0.309;
0.459;0.309;
0.459;0.309;
0.459;0.309;
0.459;0.309;
0.459;0.309;
0.46;0.309;
0.46;0.31;
0.46;0.31;
0.461;0.31;
0.461;0.31;
0.461;0.31;
0.463;0.31;
0.464;0.31;
0.466;0.31;
0.468;0.31;
0.47;0.309;
0.472;0.309;
0.474;0.309;
0.476;0.309;
0.476;0.309;
0.479;0.308;
0.483;0.308;
0.486;0.308;
0.489;0.308;
0.492;0.308;
0.495;0.308;
0.498;0.308;
0.5;0.308;
0.503;0.308;
0.503;0.308;
0.504;0.308;
0.506;0.308;
0.507;0.308;
0.508;0.308;
0.509;0.308;
0.51;0.308;
0.51;0.308;
0.511;0.308;
0.511;0.308;
0.511;0.308;
0.512;0.308;
0.513;0.307;
0.513;0.307;
0.513;0.306;
0.514;0.306;
0.514;0.305;
0.515;0.305;
0.515;0.304;
0.516;0.304;
0.516;0.304;
0.516;0.304;
0.516;0.304;
0.517;0.305;
0.517;0.305;
0.517;0.305;
0.517;0.305;
0.517;0.305;
0.516;0.305;
0.516;0.305;
0.516;0.305;
0.516;0.305;
0.516;0.305;
0.516;0.304;
0.515;0.304;
0.515;0.304;
0.514;0.304;
0.514;0.305;
0.513;0.305;
0.513;0.305;
0.513;0.305;
0.512;0.306;
0.512;0.306;
0.511;0.306;
0.51;0.306;
0.51;0.306;
0.509;0.306;
0.509;0.306;
0.508;0.306;
0.507;0.305;
0.507;0.305;
0.507;0.305;
0.506;0.305;
0.506;0.305;
0.505;0.305;
0.505;0.305;
0.504;0.305;
0.504;0.305;
0.504;0.305;
0.503;0.305;
0.503;0.305;
0.503;0.305;
0.503;0.306;
0.503;0.306;
0.503;0.306;
0.503;0.306;
0.503;0.306;
0.503;0.306;
0.503;0.305;
0.503;0.305;
0.503;0.305;
0.503;0.305;
0.503;0.305;
0.503;0.305;
0.504;0.304;
0.504;0.304;
0.504;0.304;
0.504;0.304;
0.504;0.304;
0.504;0.304;
0.504;0.304;
0.504;0.304;
0.504;0.304;
0.504;0.304;
0.504;0.303;
0.504;0.303;
0.504;0.303;
0.504;0.303;
0.503;0.303;
0.503;0.303;
0.503;0.303;
0.503;0.302;
0.503;0.302;
0.503;0.302;
0.502;0.302;
0.502;0.302;
0.502;0.301;
0.502;0.301;
0.502;0.301;
0.502;0.301;
0.502;0.301;
0.502;0.301;
0.502;0.301;
0.501;0.302;
0.501;0.302;
0.501;0.303;
0.501;0.303;
0.501;0.303;
0.501;0.303;
0.501;0.303;
0.501;0.303;
0.501;0.303;
0.501;0.303;
0.501;0.303;
0.501;0.303;
0.501;0.303;
0.501;0.303;
0.501;0.303;
0.501;0.303;
0.501;0.303;
0.501;0.303;
0.501;0.303;
0.501;0.303;
0.501;0.303;
0.501;0.303;
0.501;0.303;
0.501;0.303;
0.501;0.303;
0.501;0.303;
0.501;0.303;
0.501;0.303;
0.501;0.303;
0.501;0.303;
0.501;0.303;
0.501;0.303;
0.501;0.303;
0.501;0.303;
0.498;0.307;
0.498;0.307;
0.498;0.307;
0.498;0.307;
0.498;0.307;
0.498;0.307;
0.497;0.307;
0.497;0.307;
0.497;0.307;
0.497;0.306;
0.497;0.306;
0.497;0.306;
0.497;0.306;
0.497;0.306;
0.497;0.306;
0.497;0.306;
0.497;0.306;
0.497;0.306;
0.497;0.306;
0.497;0.306;
0.497;0.306;
0.497;0.306;
0.498;0.305;
0.498;0.305;
0.498;0.305;
0.498;0.305;
0.498;0.305;
0.498;0.305;
0.498;0.305;
0.498;0.305;
0.498;0.305;
0.628;0.362;
0.628;0.362;
0.628;0.362;
0.628;0.362;
0.628;0.362;
0.629;0.362;
0.629;0.363;
0.629;0.363;
0.629;0.363;
0.63;0.364;
0.63;0.364;
0.63;0.364;
0.63;0.365;
0.631;0.365;
0.631;0.365;
0.632;0.365;
0.632;0.364;
0.632;0.364;
0.632;0.364;
0.632;0.364;
0.633;0.364;
0.633;0.364;
0.633;0.364;
0.633;0.365;
0.633;0.364;
0.633;0.364;
0.632;0.364;
0.632;0.364;
0.632;0.364;
0.632;0.364;
0.632;0.364;
0.632;0.364;
0.632;0.364;
0.632;0.364;
0.632;0.364;
0.632;0.364;
0.632;0.364;
0.632;0.364;
0.632;0.364;
0.632;0.364;
0.632;0.364;
0.632;0.364;
0.632;0.363;
0.632;0.363;
0.632;0.363;
0.632;0.363;
0.632;0.363;
0.632;0.362;
0.632;0.362;
0.632;0.362;
0.632;0.362;
0.632;0.362;
0.633;0.362;
0.633;0.361;
0.633;0.361;
0.633;0.361;
0.634;0.36;
0.634;0.36;
0.634;0.36;
0.634;0.36;
0.634;0.36;
0.634;0.36;
0.634;0.36;
0.634;0.36;
0.634;0.36;
0.634;0.36;
0.634;0.36;
0.634;0.36;
0.634;0.36;
0.634;0.36;
0.634;0.36;
0.634;0.359;
0.634;0.359;
0.634;0.359;
0.634;0.359;
0.634;0.359;
0.633;0.359;
0.633;0.359;
0.633;0.359;
0.633;0.359;
0.634;0.359;
0.634;0.358;
0.634;0.358;
0.634;0.358;
0.634;0.359;
0.634;0.359;
0.633;0.359;
0.633;0.359;
0.633;0.359;
0.634;0.359;
0.633;0.359;
0.634;0.36;
0.634;0.36;
0.634;0.36;
0.634;0.36;
0.634;0.36;
0.634;0.36;
0.634;0.36;
0.634;0.36;
0.634;0.36;
0.634;0.36;
0.634;0.36;
0.634;0.359;
0.634;0.359;
0.634;0.359;
0.634;0.358;
0.634;0.358;
0.634;0.358;
0.634;0.358;
0.634;0.359;
0.634;0.359;
0.634;0.36;
0.634;0.36;
0.634;0.36;
0.634;0.361;
0.634;0.361;
0.634;0.361;
0.634;0.361;
0.634;0.361;
0.634;0.36;
0.635;0.36;
0.635;0.36;
0.635;0.359;
0.635;0.359;
0.635;0.359;
0.635;0.359;
0.635;0.358;
0.634;0.358;
0.634;0.358;
0.635;0.358;
0.635;0.358;
0.635;0.358;
0.635;0.359;
0.635;0.359;
0.635;0.36;
0.635;0.36;
0.634;0.36;
0.634;0.36;
0.634;0.36;
0.635;0.36;
0.635;0.36;
0.635;0.36;
0.635;0.36;
0.635;0.36;
0.635;0.36;
0.635;0.36;
0.635;0.359;
0.635;0.359;
0.635;0.359;
0.635;0.359;
0.634;0.358;
0.634;0.358;
0.634;0.358;
0.634;0.358;
0.634;0.357;
0.634;0.358;
0.634;0.358;
0.634;0.358;
0.634;0.358;
0.634;0.359;
0.634;0.359;
0.634;0.359;
0.634;0.36;
0.633;0.36;
0.634;0.36;
0.634;0.36;
0.633;0.36;
0.633;0.36;
0.633;0.36;
0.633;0.359;
0.633;0.359;
0.633;0.359;
0.633;0.359;
0.633;0.358;
0.633;0.358;
0.633;0.359;
0.633;0.359;
0.633;0.359;
0.633;0.359;
0.633;0.36;
0.633;0.36;
0.633;0.361;
0.632;0.361;
0.632;0.362;
0.633;0.362;
0.633;0.363;
0.633;0.363;
0.633;0.363;
0.633;0.363;
0.633;0.364;
0.633;0.364;
0.633;0.364;
0.632;0.364;
0.632;0.364;
0.632;0.363;
0.632;0.363;
0.632;0.363;
0.632;0.362;
0.632;0.362;
0.632;0.362;
0.632;0.362;
0.632;0.363;
0.632;0.363;
0.632;0.364;
0.632;0.364;
0.632;0.365;
0.632;0.365;
0.632;0.365;
0.632;0.365;
0.632;0.365;
0.633;0.365;
0.633;0.365;
0.633;0.365;
0.633;0.364;
0.633;0.364;
0.633;0.364;
0.633;0.364;
0.633;0.364;
0.633;0.364;
0.633;0.364;
0.633;0.364;
0.633;0.364;
0.633;0.364;
0.633;0.364;
0.633;0.364;
0.633;0.364;
0.633;0.364;
0.633;0.364;
0.633;0.364;
0.633;0.364;
0.633;0.364;
0.633;0.364;
0.633;0.364;
0.633;0.363;
0.633;0.363;
0.633;0.363;
0.633;0.363;
0.633;0.363;
0.633;0.363;
0.633;0.363;
0.633;0.363;
0.633;0.363;
0.633;0.363;
0.633;0.363;
0.633;0.363;
0.633;0.363;
0.633;0.363;
0.633;0.363;
0.633;0.363;
0.633;0.363;
0.633;0.363;
0.633;0.363;
0.633;0.363;
0.633;0.362;
0.633;0.362;
0.633;0.362;
0.633;0.362;
0.633;0.362;
0.633;0.362;
0.633;0.363;
0.633;0.363;
0.633;0.363;
0.633;0.364;
0.633;0.364;
0.633;0.364;
0.633;0.364;
0.633;0.364;
0.633;0.364;
0.633;0.364;
0.633;0.364;
0.633;0.364;
0.633;0.364;
0.633;0.364;
0.633;0.364;
0.633;0.364;
0.633;0.364;
0.633;0.364;
0.633;0.364;
0.633;0.364;
0.633;0.364;
0.633;0.364;
0.633;0.364;
0.633;0.364;
0.633;0.364;
0.633;0.364;
0.633;0.364;
0.633;0.364;
0.633;0.364;
0.633;0.364;
0.633;0.364;
0.633;0.364;
0.633;0.364;
0.633;0.364;
0.634;0.364;
0.634;0.364;
0.633;0.364;
0.633;0.364;
0.633;0.363;
0.633;0.363;
0.633;0.363;
0.633;0.363;
0.633;0.362;
0.633;0.362;
0.634;0.362;
0.634;0.362;
0.634;0.363;
0.634;0.363;
0.634;0.363;
0.634;0.364;
0.634;0.364;
0.633;0.364;
0.634;0.364;
0.634;0.364;
0.634;0.364;
0.634;0.364;
0.634;0.364;
0.634;0.364;
0.634;0.364;
0.634;0.364;
0.634;0.364;
0.634;0.364;
0.634;0.364;
0.634;0.364;
0.634;0.364;
0.634;0.364;
0.634;0.364;
0.634;0.364;
0.634;0.363;
0.634;0.363;
0.634;0.363;
0.634;0.363;
0.634;0.364;
0.224;0.359;
0.223;0.358;
0.223;0.358;
0.224;0.358;
0.224;0.358;
0.224;0.358;
0.224;0.358;
0.225;0.357;
0.226;0.357;
0.227;0.357;
0.228;0.357;
0.229;0.356;
0.229;0.356;
0.23;0.355;
0.231;0.354;
0.232;0.353;
0.233;0.352;
0.234;0.352;
0.234;0.352;
0.235;0.352;
0.236;0.351;
0.237;0.351;
0.237;0.351;
0.237;0.351;
0.238;0.351;
0.238;0.351;
0.238;0.351;
0.239;0.351;
0.239;0.351;
0.239;0.351;
0.24;0.351;
0.24;0.351;
0.24;0.351;
0.24;0.35;
0.24;0.35;
0.24;0.35;
0.24;0.349;
0.24;0.349;
0.24;0.349;
0.24;0.349;
0.24;0.348;
0.24;0.348;
0.24;0.348;
0.24;0.348;
0.24;0.348;
0.24;0.348;
0.24;0.349;
0.24;0.349;
0.241;0.349;
0.241;0.349;
0.24;0.349;
0.24;0.349;
0.24;0.349;
0.24;0.349;
0.24;0.349;
0.24;0.349;
0.24;0.35;
0.24;0.35;
0.24;0.35;
0.24;0.35;
0.24;0.35;
0.24;0.35;
0.24;0.35;
0.24;0.35;
0.24;0.35;
0.24;0.351;
0.24;0.35;
0.24;0.351;
0.24;0.35;
0.24;0.35;
0.24;0.35;
0.24;0.35;
0.24;0.35;
0.24;0.35;
0.24;0.35;
0.24;0.35;
0.24;0.35;
0.241;0.351;
0.241;0.351;
0.241;0.351;
0.241;0.351;
0.241;0.351;
0.241;0.351;
0.242;0.352;
0.242;0.352;
0.242;0.352;
0.242;0.352;
0.242;0.352;
0.243;0.352;
0.243;0.353;
0.243;0.353;
0.243;0.353;
0.243;0.353;
0.243;0.353;
0.243;0.353;
0.244;0.353;
0.244;0.354;
0.244;0.354;
0.244;0.354;
0.244;0.355;
0.245;0.355;
0.245;0.355;
0.245;0.356;
0.245;0.356;
0.244;0.357;
0.244;0.357;
0.244;0.357;
0.244;0.357;
0.244;0.357;
0.244;0.357;
0.244;0.358;
0.244;0.358;
0.244;0.358;
0.244;0.358;
0.244;0.358;
0.244;0.359;
0.243;0.359;
0.243;0.359;
0.243;0.358;
0.243;0.358;
0.243;0.358;
0.243;0.358;
0.243;0.358;
0.243;0.358;
0.243;0.358;
0.243;0.358;
0.243;0.359;
0.243;0.359;
0.243;0.358;
0.243;0.358;
0.243;0.358;
0.243;0.358;
0.243;0.358;
0.244;0.358;
0.244;0.358;
0.244;0.358;
0.244;0.357;
0.243;0.357;
0.244;0.357;
0.244;0.357;
0.244;0.356;
0.244;0.356;
0.244;0.356;
0.244;0.356;
0.244;0.356;
0.244;0.356;
0.244;0.356;
0.244;0.356;
0.244;0.355;
0.244;0.355;
0.244;0.355;
0.244;0.355;
0.244;0.355;
0.244;0.355;
0.244;0.355;
0.244;0.355;
0.244;0.355;
0.244;0.355;
0.244;0.354;
0.244;0.354;
0.244;0.354;
0.244;0.354;
0.244;0.354;
0.244;0.354;
0.244;0.354;
0.244;0.354;
0.244;0.354;
0.244;0.355;
0.244;0.355;
0.244;0.356;
0.244;0.356;
0.244;0.357;
0.244;0.357;
0.245;0.357;
0.245;0.357;
0.245;0.357;
0.245;0.357;
0.245;0.357;
0.245;0.358;
0.245;0.358;
0.245;0.358;
0.245;0.358;
0.245;0.358;
0.244;0.358;
0.244;0.358;
0.244;0.357;
0.244;0.357;
0.244;0.357;
0.244;0.357;
0.244;0.357;
0.244;0.358;
0.244;0.358;
0.244;0.358;
0.243;0.358;
0.244;0.358;
0.243;0.358;
0.244;0.357;
0.244;0.357;
0.244;0.357;
0.244;0.357;
0.244;0.357;
0.245;0.357;
0.245;0.357;
0.245;0.357;
0.245;0.357;
0.245;0.356;
0.245;0.356;
0.245;0.356;
0.245;0.355;
0.245;0.355;
0.245;0.355;
0.245;0.354;
0.245;0.354;
0.245;0.355;
0.245;0.355;
0.245;0.355;
0.245;0.355;
0.245;0.355;
0.245;0.355;
0.246;0.355;
0.246;0.355;
0.246;0.355;
0.246;0.355;
0.246;0.354;
0.246;0.354;
0.246;0.354;
0.246;0.354;
0.246;0.354;
0.246;0.354;
0.246;0.354;
0.246;0.354;
0.246;0.354;
0.246;0.354;
0.246;0.354;
0.246;0.353;
0.246;0.354;
0.246;0.354;
0.246;0.354;
0.246;0.354;
0.246;0.355;
0.245;0.355;
0.245;0.355;
0.245;0.355;
0.245;0.355;
0.245;0.355;
0.245;0.355;
0.245;0.355;
0.245;0.355;
0.245;0.356;
0.246;0.356;
0.245;0.356;
0.245;0.356;
0.245;0.356;
0.245;0.356;
0.245;0.356;
0.245;0.356;
0.245;0.356;
0.245;0.356;
0.245;0.356;
0.245;0.356;
0.245;0.356;
0.245;0.356;
0.245;0.356;
0.245;0.356;
0.245;0.356;
0.245;0.356;
0.245;0.356;
0.245;0.356;
0.245;0.356;
0.245;0.356;
0.245;0.356;
0.245;0.356;
0.245;0.356;
0.245;0.356;
0.245;0.356;
0.245;0.356;
0.245;0.356;
0.245;0.356;
0.245;0.356;
0.245;0.356;
0.245;0.356;
0.245;0.356;
0.245;0.356;
0.245;0.356;
0.245;0.356;
0.245;0.356;
0.245;0.356;
0.245;0.356;
0.245;0.356;
0.245;0.356;
0.245;0.356;
0.245;0.356;
0.245;0.356;
0.245;0.356;
0.245;0.356;
0.245;0.356;
0.245;0.356;
0.245;0.356;
0.245;0.356;
0.245;0.356;
0.245;0.356;
0.245;0.356;
0.245;0.356;
0.245;0.356;
0.245;0.356;
0.244;0.353;
0.244;0.353;
0.244;0.353;
0.244;0.353;
0.244;0.353;
0.244;0.352;
0.244;0.353;
0.244;0.353;
0.244;0.353;
0.244;0.353;
0.244;0.353;
0.244;0.353;
0.244;0.353;
0.244;0.352;
0.244;0.352;
0.244;0.352;
0.244;0.352;
0.244;0.352;
0.244;0.352;
0.244;0.352;
0.244;0.352;
0.244;0.353;
0.243;0.353;
0.243;0.353;
0.243;0.353;
0.243;0.353;
0.243;0.353;
0.243;0.353;
0.243;0.353;
0.243;0.353;
0.243;0.353;
0.243;0.354;
0.243;0.354;
0.243;0.354;
0.243;0.354;
0.243;0.354;
0.243;0.354;
0.243;0.353;
0.243;0.353;
0.243;0.354;
0.243;0.354;
0.243;0.354;
0.243;0.355;
0.243;0.355;
0.243;0.355;
0.243;0.355;
0.243;0.355;
0.243;0.355;
0.243;0.355;
0.243;0.355;
0.243;0.354;
0.242;0.354;
0.242;0.354;
0.242;0.354;
0.242;0.354;
0.242;0.354;
0.242;0.354;
0.242;0.355;
0.242;0.355;
0.242;0.355;
0.242;0.354;
0.242;0.354;
0.243;0.354;
0.243;0.353;
0.243;0.352;
0.243;0.352;
0.243;0.352;
0.243;0.352;
0.243;0.352;
0.243;0.351;
0.243;0.351;
0.243;0.351;
0.243;0.351;
0.243;0.35;
0.243;0.35;
0.243;0.349;
0.243;0.349;
0.243;0.348;
0.243;0.348;
0.243;0.348;
0.243;0.348;
0.243;0.348;
0.243;0.348;
0.243;0.348;
0.243;0.348;
0.243;0.348;
0.243;0.348;
0.243;0.348;
0.243;0.348;
0.243;0.347;
0.244;0.347;
0.244;0.347;
0.244;0.347;
0.244;0.347;
0.244;0.347;
0.244;0.348;
0.244;0.348;
0.244;0.348;
0.244;0.348;
0.244;0.348;
0.244;0.348;
0.244;0.348;
0.244;0.348;
0.244;0.348;
0.244;0.348;
0.244;0.349;
0.244;0.349;
0.543;0.266;
0.543;0.266;
0.543;0.264;
0.543;0.262;
0.542;0.261;
0.542;0.26;
0.542;0.26;
0.542;0.26;
0.542;0.26;
0.542;0.26;
0.542;0.26;
0.542;0.26;
0.542;0.259;
0.542;0.259;
0.542;0.258;
0.542;0.258;
0.542;0.258;
0.543;0.258;
0.543;0.258;
0.543;0.258;
0.543;0.258;
0.543;0.258;
0.543;0.258;
0.543;0.258;
0.543;0.257;
0.543;0.257;
0.544;0.256;
0.544;0.255;
0.544;0.255;
0.544;0.254;
0.543;0.254;
0.543;0.254;
0.543;0.253;
0.543;0.253;
0.543;0.253;
0.543;0.253;
0.543;0.252;
0.542;0.252;
0.542;0.252;
0.542;0.252;
0.542;0.251;
0.542;0.251;
0.542;0.251;
0.542;0.251;
0.542;0.251;
0.542;0.251;
0.542;0.25;
0.541;0.25;
0.541;0.25;
0.541;0.25;
0.541;0.25;
0.541;0.25;
0.541;0.25;
0.541;0.25;
0.541;0.25;
0.541;0.249;
0.541;0.249;
0.541;0.248;
0.541;0.248;
0.541;0.247;
0.541;0.247;
0.541;0.247;
0.541;0.247;
0.541;0.247;
0.541;0.247;
0.541;0.247;
0.541;0.248;
0.541;0.248;
0.541;0.249;
0.541;0.249;
0.542;0.249;
0.542;0.249;
0.542;0.249;
0.542;0.249;
0.543;0.249;
0.543;0.249;
0.543;0.249;
0.543;0.248;
0.544;0.247;
0.544;0.247;
0.544;0.247;
0.544;0.247;
0.544;0.246;
0.545;0.247;
0.545;0.247;
0.545;0.247;
0.545;0.247;
0.546;0.247;
0.546;0.247;
0.546;0.247;
0.546;0.247;
0.546;0.248;
0.546;0.248;
0.547;0.248;
0.547;0.248;
0.547;0.248;
0.548;0.248;
0.548;0.248;
0.548;0.248;
0.548;0.247;
0.548;0.247;
0.548;0.246;
0.548;0.246;
0.547;0.246;
0.547;0.245;
0.547;0.245;
0.547;0.245;
0.547;0.245;
0.547;0.245;
0.547;0.245;
0.547;0.244;
0.546;0.244;
0.546;0.244;
0.546;0.245;
0.546;0.245;
0.546;0.245;
0.546;0.245;
0.547;0.245;
0.547;0.245;
0.547;0.244;
0.547;0.244;
0.547;0.244;
0.547;0.244;
0.547;0.244;
0.547;0.243;
0.547;0.243;
0.547;0.242;
0.547;0.242;
0.547;0.241;
0.547;0.241;
0.547;0.242;
0.547;0.242;
0.547;0.242;
0.547;0.242;
0.547;0.243;
0.547;0.243;
0.547;0.243;
0.547;0.243;
0.547;0.243;
0.547;0.243;
0.547;0.243;
0.547;0.243;
0.547;0.243;
0.547;0.244;
0.547;0.244;
0.548;0.244;
0.548;0.244;
0.548;0.244;
0.548;0.244;
0.548;0.243;
0.548;0.242;
0.548;0.242;
0.548;0.242;
0.548;0.242;
0.548;0.242;
0.547;0.241;
0.547;0.241;
0.547;0.241;
0.547;0.241;
0.547;0.241;
0.547;0.242;
0.547;0.242;
0.547;0.242;
0.547;0.242;
0.547;0.243;
0.548;0.243;
0.548;0.243;
0.548;0.243;
0.548;0.242;
0.548;0.242;
0.548;0.242;
0.549;0.241;
0.549;0.241;
0.549;0.241;
0.549;0.24;
0.549;0.239;
0.549;0.239;
0.549;0.238;
0.549;0.238;
0.549;0.238;
0.549;0.239;
0.549;0.239;
0.549;0.239;
0.549;0.239;
0.549;0.239;
0.549;0.239;
0.549;0.24;
0.549;0.24;
0.549;0.241;
0.549;0.241;
0.549;0.241;
0.549;0.241;
0.549;0.241;
0.549;0.241;
0.55;0.241;
0.55;0.24;
0.55;0.241;
0.55;0.241;
0.55;0.24;
0.55;0.24;
0.55;0.24;
0.55;0.24;
0.55;0.24;
0.55;0.24;
0.549;0.24;
0.549;0.24;
0.549;0.241;
0.549;0.241;
0.549;0.242;
0.549;0.242;
0.549;0.242;
0.549;0.243;
0.549;0.243;
0.548;0.243;
0.548;0.244;
0.548;0.244;
0.548;0.244;
0.548;0.245;
0.548;0.245;
0.549;0.245;
0.549;0.244;
0.549;0.244;
0.549;0.244;
0.549;0.243;
0.549;0.243;
0.549;0.242;
0.549;0.242;
0.549;0.241;
0.549;0.241;
0.549;0.241;
0.549;0.241;
0.55;0.241;
0.55;0.241;
0.55;0.241;
0.55;0.241;
0.55;0.24;
0.55;0.24;
0.55;0.24;
0.55;0.24;
0.55;0.24;
0.55;0.241;
0.55;0.241;
0.55;0.241;
0.55;0.241;
0.55;0.241;
0.55;0.24;
0.55;0.24;
0.551;0.239;
0.551;0.239;
0.55;0.238;
0.551;0.238;
0.551;0.238;
0.551;0.238;
0.551;0.238;
0.551;0.238;
0.551;0.238;
0.551;0.238;
0.551;0.238;
0.551;0.238;
0.551;0.238;
0.551;0.238;
0.551;0.238;
0.551;0.238;
0.551;0.238;
0.551;0.238;
0.551;0.238;
0.551;0.238;
0.551;0.238;
0.551;0.238;
0.551;0.238;
0.551;0.238;
0.551;0.238;
0.551;0.238;
0.551;0.238;
0.551;0.238;
0.551;0.238;
0.551;0.238;
0.551;0.238;
0.551;0.238;
0.551;0.238;
0.551;0.238;
0.551;0.238;
0.551;0.238;
0.551;0.238;
0.553;0.235;
0.553;0.236;
0.553;0.237;
0.553;0.237;
0.554;0.237;
0.554;0.238;
0.554;0.238;
0.554;0.239;
0.554;0.239;
0.554;0.239;
0.553;0.239;
0.553;0.239;
0.553;0.239;
0.552;0.239;
0.552;0.238;
0.552;0.237;
0.552;0.236;
0.551;0.235;
0.551;0.235;
0.551;0.234;
0.551;0.234;
0.55;0.233;
0.55;0.232;
0.55;0.231;
0.549;0.23;
0.549;0.23;
0.549;0.23;
0.548;0.231;
0.548;0.231;
0.548;0.233;
0.547;0.234;
0.547;0.235;
0.546;0.236;
0.546;0.237;
0.545;0.238;
0.545;0.239;
0.501;0.305;
0.501;0.304;
0.501;0.304;
0.501;0.303;
0.502;0.302;
0.502;0.301;
0.503;0.3;
0.503;0.3;
0.503;0.299;
0.504;0.298;
0.504;0.297;
0.505;0.296;
0.505;0.295;
0.505;0.295;
0.506;0.294;
0.506;0.294;
0.506;0.294;
0.506;0.294;
0.506;0.294;
0.506;0.294;
0.506;0.294;
0.506;0.294;
0.506;0.294;
0.506;0.294;
0.506;0.294;
0.506;0.294;
0.506;0.294;
0.506;0.294;
0.506;0.294;
0.506;0.294;
0.506;0.294;
0.506;0.294;
0.506;0.294;
0.506;0.294;
0.506;0.294;
0.506;0.294;
0.506;0.294;
0.506;0.294;
0.506;0.294;
0.506;0.294;
0.506;0.294;
0.506;0.294;
0.506;0.285;
0.507;0.285;
0.507;0.285;
0.507;0.285;
0.507;0.285;
0.507;0.285;
0.508;0.285;
0.508;0.286;
0.508;0.285;
0.509;0.285;
0.509;0.285;
0.51;0.285;
0.51;0.285;
0.511;0.285;
0.511;0.285;
0.511;0.285;
0.511;0.285;
0.512;0.285;
0.512;0.285;
0.512;0.285;
0.512;0.285;
0.512;0.285;
0.512;0.285;
0.512;0.284;
0.513;0.284;
0.513;0.284;
0.513;0.284;
0.513;0.283;
0.513;0.283;
0.513;0.283;
0.513;0.284;
0.513;0.284;
0.513;0.284;
0.513;0.284;
0.513;0.284;
0.513;0.284;
0.513;0.285;
0.513;0.285;
0.513;0.285;
0.513;0.286;
0.513;0.286;
0.513;0.286;
0.513;0.286;
