0.789;0.314;
0.79;0.312;
0.79;0.31;
0.79;0.308;
0.79;0.306;
0.79;0.304;
0.789;0.302;
0.788;0.301;
0.788;0.299;
0.788;0.299;
0.787;0.297;
0.786;0.295;
0.785;0.293;
0.784;0.291;
0.783;0.289;
0.783;0.288;
0.782;0.286;
0.782;0.284;
0.781;0.282;
0.781;0.282;
0.781;0.28;
0.781;0.278;
0.78;0.276;
0.78;0.274;
0.779;0.273;
0.779;0.271;
0.779;0.269;
0.779;0.267;
0.778;0.266;
0.778;0.266;
0.778;0.265;
0.777;0.264;
0.777;0.263;
0.778;0.263;
0.778;0.263;
0.779;0.264;
0.779;0.265;
0.779;0.265;
0.779;0.265;
0.779;0.265;
0.779;0.266;
0.779;0.266;
0.779;0.266;
0.779;0.266;
0.779;0.267;
0.779;0.267;
0.778;0.268;
0.778;0.269;
0.777;0.27;
0.777;0.27;
0.777;0.271;
0.776;0.272;
0.775;0.273;
0.774;0.275;
0.774;0.276;
0.773;0.277;
0.773;0.277;
0.773;0.276;
0.774;0.275;
0.774;0.275;
0.775;0.274;
0.776;0.274;
0.776;0.273;
0.777;0.272;
0.777;0.271;
0.778;0.27;
0.778;0.269;
0.779;0.268;
0.78;0.268;
0.78;0.268;
0.78;0.267;
0.78;0.266;
0.781;0.266;
0.781;0.265;
0.781;0.264;
0.781;0.263;
0.781;0.262;
0.781;0.261;
0.781;0.261;
0.781;0.261;
0.781;0.26;
0.781;0.26;
0.78;0.259;
0.78;0.258;
0.78;0.258;
0.78;0.257;
0.78;0.256;
0.78;0.256;
0.78;0.257;
0.78;0.257;
0.779;0.258;
0.779;0.259;
0.779;0.26;
0.779;0.261;
0.779;0.262;
0.78;0.262;
0.78;0.263;
0.78;0.263;
0.78;0.263;
0.78;0.263;
0.781;0.263;
0.781;0.263;
0.781;0.262;
0.782;0.261;
0.782;0.261;
0.783;0.26;
0.784;0.26;
0.785;0.26;
0.785;0.26;
0.785;0.26;
0.786;0.26;
0.787;0.26;
0.788;0.259;
0.789;0.259;
0.79;0.258;
0.79;0.258;
0.791;0.258;
0.791;0.258;
0.791;0.258;
0.792;0.258;
0.792;0.258;
0.792;0.258;
0.792;0.258;
0.792;0.257;
0.793;0.258;
0.793;0.258;
0.793;0.258;
0.793;0.258;
0.794;0.258;
0.794;0.258;
0.794;0.258;
0.794;0.258;
0.795;0.258;
0.795;0.257;
0.796;0.257;
0.796;0.257;
0.796;0.257;
0.797;0.257;
0.797;0.257;
0.796;0.257;
0.796;0.257;
0.796;0.257;
0.795;0.257;
0.795;0.258;
0.794;0.258;
0.794;0.258;
0.793;0.258;
0.793;0.258;
0.793;0.258;
0.793;0.258;
0.793;0.258;
0.793;0.258;
0.793;0.258;
0.793;0.258;
0.793;0.258;
0.793;0.258;
0.793;0.258;
0.793;0.258;
0.793;0.258;
0.793;0.258;
0.793;0.258;
0.793;0.258;
0.793;0.258;
0.793;0.258;
0.793;0.258;
0.793;0.258;
0.793;0.258;
0.793;0.258;
0.793;0.258;
0.793;0.258;
0.793;0.258;
0.793;0.258;
0.793;0.258;
0.793;0.258;
0.793;0.258;
0.793;0.258;
0.793;0.258;
0.793;0.258;
0.793;0.258;
0.793;0.258;
0.793;0.258;
0.793;0.258;
0.793;0.258;
0.793;0.258;
0.793;0.258;
0.793;0.258;
0.793;0.258;
0.798;0.25;
0.799;0.25;
0.799;0.25;
0.799;0.25;
0.799;0.25;
0.799;0.251;
0.799;0.251;
0.799;0.251;
0.799;0.25;
0.799;0.25;
0.799;0.25;
0.799;0.25;
0.8;0.25;
0.8;0.25;
0.8;0.251;
0.8;0.251;
0.8;0.251;
0.8;0.251;
0.8;0.251;
0.801;0.251;
0.801;0.251;
0.801;0.252;
0.801;0.252;
0.801;0.252;
0.487;0.105;
0.488;0.105;
0.488;0.105;
0.488;0.105;
0.488;0.104;
0.488;0.104;
0.488;0.104;
0.489;0.103;
0.489;0.103;
0.489;0.102;
0.489;0.102;
0.489;0.101;
0.489;0.101;
0.489;0.101;
0.489;0.101;
0.489;0.1;
0.489;0.1;
0.489;0.099;
0.489;0.098;
0.489;0.098;
0.488;0.097;
0.488;0.096;
0.488;0.095;
0.488;0.095;
0.488;0.095;
0.488;0.094;
0.487;0.094;
0.487;0.094;
0.487;0.094;
0.486;0.094;
0.486;0.094;
0.485;0.094;
0.485;0.094;
0.485;0.094;
0.485;0.094;
0.484;0.094;
0.484;0.094;
0.484;0.094;
0.483;0.093;
0.483;0.093;
0.483;0.092;
0.483;0.091;
0.483;0.09;
0.483;0.09;
0.483;0.09;
0.483;0.089;
0.483;0.089;
0.483;0.089;
0.483;0.089;
0.483;0.089;
0.483;0.089;
0.483;0.089;
0.483;0.089;
0.483;0.089;
0.483;0.089;
0.483;0.089;
0.483;0.089;
0.483;0.089;
0.483;0.089;
0.483;0.088;
0.483;0.088;
0.483;0.088;
0.483;0.088;
0.483;0.088;
0.483;0.088;
0.483;0.088;
0.483;0.088;
0.483;0.089;
0.484;0.089;
0.484;0.09;
0.484;0.09;
0.484;0.091;
0.484;0.091;
0.484;0.091;
0.484;0.091;
0.484;0.091;
0.484;0.091;
0.484;0.09;
0.484;0.09;
0.484;0.09;
0.484;0.089;
0.485;0.089;
0.485;0.088;
0.485;0.088;
0.485;0.088;
0.485;0.087;
0.486;0.087;
0.486;0.087;
0.486;0.087;
0.487;0.087;
0.487;0.087;
0.488;0.087;
0.488;0.087;
0.488;0.087;
0.488;0.087;
0.489;0.087;
0.489;0.087;
0.489;0.087;
0.489;0.087;
0.489;0.087;
0.489;0.087;
0.489;0.087;
0.489;0.087;
0.489;0.087;
0.489;0.087;
0.489;0.087;
0.489;0.087;
0.489;0.087;
0.489;0.087;
0.489;0.087;
0.489;0.087;
0.489;0.087;
0.489;0.087;
0.489;0.087;
0.489;0.087;
0.489;0.087;
0.489;0.087;
0.489;0.087;
0.489;0.087;
0.489;0.087;
0.489;0.087;
0.489;0.087;
0.489;0.087;
0.489;0.087;
0.489;0.087;
0.489;0.087;
0.489;0.087;
0.489;0.087;
0.489;0.087;
0.49;0.081;
0.49;0.081;
0.49;0.081;
0.49;0.081;
0.49;0.081;
0.49;0.081;
0.49;0.081;
0.49;0.081;
0.49;0.081;
0.49;0.081;
0.489;0.081;
0.489;0.081;
0.489;0.08;
0.489;0.08;
0.489;0.08;
0.489;0.08;
0.489;0.08;
0.489;0.079;
0.489;0.079;
0.489;0.079;
0.489;0.079;
0.489;0.079;
0.488;0.08;
0.488;0.079;
0.488;0.079;
0.488;0.079;
0.488;0.079;
0.488;0.079;
0.488;0.079;
0.488;0.079;
0.488;0.079;
0.488;0.079;
0.488;0.079;
0.488;0.079;
0.488;0.079;
0.488;0.079;
0.488;0.08;
0.488;0.081;
0.488;0.082;
0.488;0.082;
0.488;0.083;
0.488;0.084;
0.488;0.084;
0.487;0.084;
0.487;0.084;
0.487;0.085;
0.487;0.085;
0.487;0.085;
0.486;0.084;
0.486;0.084;
0.486;0.084;
0.492;0.082;
0.492;0.083;
0.492;0.084;
0.491;0.085;
0.491;0.085;
0.491;0.086;
0.49;0.087;
0.49;0.088;
0.49;0.09;
0.49;0.09;
0.489;0.092;
0.489;0.094;
0.488;0.096;
0.488;0.099;
0.488;0.102;
0.488;0.105;
0.487;0.109;
0.487;0.113;
0.487;0.117;
0.487;0.117;
0.486;0.121;
0.486;0.125;
0.485;0.13;
0.485;0.135;
0.484;0.14;
0.484;0.145;
0.484;0.149;
0.484;0.153;
0.483;0.155;
0.483;0.155;
0.483;0.157;
0.483;0.158;
0.483;0.158;
0.483;0.158;
0.483;0.158;
0.483;0.157;
0.482;0.156;
0.482;0.156;
0.482;0.156;
0.482;0.156;
0.482;0.156;
0.482;0.156;
0.482;0.157;
0.482;0.157;
0.482;0.157;
0.482;0.157;
0.482;0.157;
0.482;0.156;
0.482;0.156;
0.482;0.155;
0.482;0.155;
0.482;0.154;
0.483;0.153;
0.483;0.151;
0.483;0.15;
0.483;0.149;
0.483;0.148;
0.484;0.147;
0.484;0.147;
0.484;0.147;
0.485;0.146;
0.485;0.146;
0.485;0.146;
0.486;0.147;
0.486;0.146;
0.486;0.146;
0.487;0.145;
0.487;0.143;
0.487;0.141;
0.488;0.139;
0.488;0.139;
0.488;0.137;
0.489;0.134;
0.489;0.132;
0.489;0.13;
0.49;0.128;
0.491;0.127;
0.491;0.125;
0.492;0.124;
0.492;0.122;
0.492;0.122;
0.492;0.121;
0.493;0.12;
0.493;0.119;
0.493;0.118;
0.493;0.117;
0.494;0.115;
0.494;0.114;
0.494;0.112;
0.494;0.11;
0.494;0.11;
0.494;0.108;
0.494;0.106;
0.494;0.104;
0.493;0.103;
0.493;0.101;
0.493;0.099;
0.492;0.097;
0.492;0.095;
0.492;0.094;
0.492;0.094;
0.491;0.093;
0.491;0.092;
0.491;0.091;
0.49;0.09;
0.49;0.089;
0.489;0.087;
0.489;0.086;
0.489;0.085;
0.489;0.083;
0.489;0.083;
0.489;0.082;
0.489;0.081;
0.489;0.08;
0.489;0.079;
0.489;0.078;
0.489;0.076;
0.489;0.075;
0.489;0.074;
0.49;0.073;
0.49;0.073;
0.49;0.072;
0.491;0.072;
0.491;0.071;
0.492;0.07;
0.493;0.07;
0.493;0.069;
0.494;0.069;
0.494;0.068;
0.494;0.068;
0.494;0.068;
0.495;0.068;
0.495;0.067;
0.495;0.067;
0.495;0.066;
0.495;0.066;
0.495;0.067;
0.495;0.067;
0.494;0.067;
0.494;0.068;
0.494;0.068;
0.494;0.068;
0.494;0.068;
0.493;0.068;
0.493;0.068;
0.493;0.069;
0.492;0.068;
0.492;0.068;
0.492;0.068;
0.492;0.068;
0.492;0.068;
0.491;0.067;
0.491;0.067;
0.491;0.066;
0.491;0.065;
0.49;0.065;
0.49;0.064;
0.49;0.064;
0.49;0.065;
0.49;0.065;
0.49;0.065;
0.49;0.065;
0.49;0.065;
0.49;0.064;
0.49;0.064;
0.49;0.064;
0.49;0.064;
0.49;0.063;
0.49;0.063;
0.49;0.063;
0.49;0.063;
0.49;0.062;
0.491;0.062;
0.491;0.062;
0.491;0.062;
0.491;0.062;
0.491;0.062;
0.491;0.062;
0.491;0.062;
0.492;0.062;
0.492;0.062;
0.492;0.062;
0.492;0.062;
0.492;0.062;
0.492;0.062;
0.492;0.063;
0.492;0.063;
0.492;0.064;
0.491;0.064;
0.491;0.065;
0.491;0.065;
0.49;0.065;
0.49;0.065;
0.49;0.065;
0.49;0.065;
0.489;0.065;
0.489;0.064;
0.489;0.064;
0.489;0.064;
0.489;0.063;
0.489;0.063;
0.489;0.062;
0.489;0.062;
0.489;0.061;
0.489;0.061;
0.489;0.061;
0.489;0.06;
0.489;0.06;
0.489;0.06;
0.489;0.059;
0.489;0.059;
0.489;0.059;
0.489;0.058;
0.489;0.058;
0.489;0.057;
0.489;0.056;
0.489;0.056;
0.489;0.055;
0.489;0.054;
0.489;0.054;
0.489;0.054;
0.489;0.054;
0.489;0.054;
0.489;0.053;
0.489;0.053;
0.489;0.053;
0.489;0.052;
0.489;0.052;
0.489;0.052;
0.489;0.051;
0.489;0.051;
0.489;0.051;
0.489;0.05;
0.489;0.05;
0.489;0.05;
0.489;0.05;
0.488;0.051;
0.489;0.051;
0.488;0.051;
0.488;0.052;
0.488;0.052;
0.488;0.052;
0.488;0.052;
0.488;0.052;
0.488;0.052;
0.488;0.052;
0.488;0.051;
0.488;0.05;
0.488;0.049;
0.488;0.049;
0.488;0.049;
0.488;0.048;
0.488;0.048;
0.489;0.048;
0.489;0.048;
0.489;0.048;
0.489;0.048;
0.489;0.048;
0.489;0.049;
0.489;0.049;
0.489;0.049;
0.489;0.05;
0.489;0.05;
0.489;0.05;
0.489;0.05;
0.489;0.05;
0.489;0.05;
0.489;0.05;
0.489;0.05;
0.489;0.05;
0.489;0.05;
0.489;0.05;
0.489;0.05;
0.489;0.05;
0.489;0.05;
0.489;0.05;
0.489;0.05;
0.489;0.05;
0.489;0.05;
0.489;0.05;
0.489;0.05;
0.489;0.05;
0.489;0.05;
0.489;0.05;
0.489;0.05;
0.489;0.05;
0.489;0.05;
0.489;0.05;
0.489;0.05;
0.489;0.05;
0.489;0.05;
0.489;0.05;
0.489;0.05;
0.489;0.05;
0.489;0.05;
0.489;0.05;
0.486;0.06;
0.486;0.06;
0.485;0.06;
0.485;0.059;
0.485;0.059;
0.485;0.059;
0.485;0.059;
0.485;0.058;
0.485;0.058;
0.485;0.058;
0.485;0.058;
0.485;0.058;
0.484;0.058;
0.484;0.058;
0.484;0.058;
0.484;0.058;
0.484;0.058;
0.484;0.058;
0.176;0.234;
0.176;0.234;
0.175;0.232;
0.173;0.231;
0.172;0.23;
0.17;0.229;
0.168;0.227;
0.167;0.226;
0.165;0.225;
0.163;0.224;
0.162;0.224;
0.161;0.223;
0.161;0.223;
0.16;0.223;
0.159;0.222;
0.158;0.222;
0.158;0.222;
0.157;0.222;
0.156;0.222;
0.156;0.222;
0.155;0.223;
0.155;0.224;
0.155;0.224;
0.154;0.224;
0.154;0.225;
0.154;0.225;
0.153;0.226;
0.153;0.226;
0.152;0.225;
0.152;0.225;
0.151;0.225;
0.151;0.224;
0.151;0.224;
0.15;0.224;
0.15;0.222;
0.149;0.221;
0.149;0.219;
0.148;0.217;
0.147;0.215;
0.146;0.213;
0.145;0.212;
0.145;0.21;
0.145;0.21;
0.144;0.209;
0.144;0.208;
0.143;0.207;
0.143;0.207;
0.142;0.207;
0.142;0.207;
0.142;0.208;
0.142;0.209;
0.142;0.209;
0.142;0.209;
0.142;0.21;
0.142;0.211;
0.142;0.212;
0.143;0.212;
0.143;0.213;
0.143;0.213;
0.144;0.213;
0.145;0.214;
0.145;0.214;
0.145;0.214;
0.146;0.215;
0.146;0.216;
0.146;0.217;
0.147;0.217;
0.147;0.218;
0.147;0.219;
0.147;0.22;
0.148;0.22;
0.148;0.22;
0.148;0.22;
0.148;0.22;
0.149;0.22;
0.149;0.22;
0.149;0.22;
0.149;0.22;
0.149;0.221;
0.149;0.221;
0.149;0.221;
0.149;0.221;
0.149;0.221;
0.149;0.221;
0.149;0.221;
0.149;0.221;
0.149;0.221;
0.149;0.22;
0.148;0.22;
0.148;0.22;
0.148;0.22;
0.148;0.219;
0.148;0.219;
0.148;0.219;
0.147;0.219;
0.147;0.22;
0.147;0.22;
0.147;0.22;
0.147;0.22;
0.147;0.22;
0.147;0.22;
0.146;0.22;
0.146;0.22;
0.146;0.221;
0.146;0.221;
0.146;0.221;
0.147;0.221;
0.146;0.222;
0.147;0.222;
0.147;0.223;
0.147;0.223;
0.147;0.223;
0.147;0.223;
0.147;0.223;
0.147;0.223;
0.147;0.223;
0.147;0.223;
0.147;0.223;
0.147;0.222;
0.147;0.221;
0.147;0.221;
0.147;0.221;
0.147;0.221;
0.147;0.22;
0.147;0.22;
0.147;0.22;
0.148;0.22;
0.148;0.221;
0.148;0.221;
0.148;0.222;
0.148;0.222;
0.149;0.223;
0.149;0.223;
0.149;0.223;
0.148;0.223;
0.148;0.223;
0.148;0.223;
0.148;0.223;
0.148;0.223;
0.148;0.222;
0.148;0.222;
0.148;0.222;
0.148;0.222;
0.148;0.222;
0.148;0.221;
0.148;0.221;
0.148;0.221;
0.148;0.221;
0.148;0.221;
0.148;0.221;
0.148;0.221;
0.148;0.221;
0.148;0.221;
0.148;0.221;
0.148;0.221;
0.148;0.221;
0.148;0.221;
0.148;0.221;
0.148;0.221;
0.148;0.221;
0.148;0.221;
0.148;0.221;
0.148;0.221;
0.148;0.221;
0.148;0.221;
0.148;0.221;
0.148;0.221;
0.148;0.221;
0.148;0.221;
0.148;0.221;
0.148;0.221;
0.148;0.221;
0.148;0.221;
0.148;0.221;
0.148;0.221;
0.148;0.221;
0.148;0.221;
0.148;0.221;
0.148;0.221;
0.148;0.221;
0.148;0.221;
0.148;0.221;
0.148;0.221;
0.148;0.221;
0.148;0.221;
0.148;0.221;
0.146;0.218;
0.146;0.218;
0.146;0.219;
0.145;0.219;
0.145;0.219;
0.145;0.219;
0.145;0.219;
0.145;0.219;
0.145;0.219;
0.145;0.219;
0.145;0.219;
0.145;0.219;
0.144;0.219;
0.144;0.22;
0.144;0.22;
0.144;0.22;
0.144;0.22;
0.144;0.221;
0.145;0.221;
0.145;0.221;
0.145;0.222;
0.145;0.223;
0.145;0.223;
0.145;0.224;
0.145;0.224;
0.145;0.224;
0.145;0.224;
0.145;0.224;
0.145;0.224;
0.145;0.224;
0.145;0.223;
0.145;0.223;
0.145;0.222;
0.145;0.222;
0.145;0.221;
0.145;0.221;
0.145;0.221;
0.145;0.222;
0.145;0.222;
0.145;0.222;
0.145;0.221;
0.145;0.222;
0.146;0.221;
0.146;0.221;
0.146;0.22;
0.146;0.22;
0.146;0.219;
0.146;0.219;
0.146;0.219;
0.147;0.218;
0.147;0.218;
0.13;0.662;
0.129;0.662;
0.128;0.663;
0.127;0.663;
0.127;0.663;
0.126;0.663;
0.126;0.664;
0.126;0.664;
0.126;0.664;
0.125;0.664;
0.125;0.665;
0.124;0.666;
0.124;0.666;
0.124;0.667;
0.123;0.668;
0.123;0.669;
0.123;0.67;
0.123;0.671;
0.123;0.671;
0.122;0.672;
0.122;0.673;
0.122;0.673;
0.121;0.674;
0.121;0.674;
0.121;0.674;
0.12;0.674;
0.12;0.673;
0.119;0.673;
0.119;0.673;
0.119;0.673;
0.118;0.673;
0.118;0.673;
0.118;0.673;
0.118;0.673;
0.117;0.672;
0.117;0.673;
0.117;0.673;
0.116;0.673;
0.116;0.673;
0.116;0.673;
0.116;0.673;
0.116;0.673;
0.116;0.673;
0.116;0.673;
0.116;0.673;
0.116;0.672;
0.116;0.672;
0.116;0.673;
0.116;0.673;
0.116;0.673;
0.117;0.673;
0.117;0.673;
0.117;0.674;
0.117;0.674;
0.117;0.674;
0.118;0.675;
0.118;0.675;
0.118;0.675;
0.118;0.675;
0.118;0.676;
0.118;0.677;
0.118;0.677;
0.118;0.678;
0.118;0.679;
0.118;0.68;
0.118;0.68;
0.118;0.68;
0.117;0.68;
0.117;0.68;
0.117;0.68;
0.117;0.68;
0.117;0.679;
0.118;0.68;
0.118;0.68;
0.118;0.68;
0.118;0.681;
0.118;0.681;
0.118;0.681;
0.118;0.681;
0.118;0.681;
0.118;0.681;
0.118;0.682;
0.118;0.682;
0.118;0.681;
0.118;0.681;
0.118;0.681;
0.118;0.68;
0.118;0.68;
0.118;0.68;
0.118;0.68;
0.118;0.68;
0.117;0.68;
0.117;0.681;
0.117;0.681;
0.117;0.681;
0.116;0.681;
0.116;0.681;
0.116;0.682;
0.116;0.682;
0.116;0.682;
0.115;0.682;
0.115;0.682;
0.115;0.683;
0.115;0.683;
0.114;0.683;
0.114;0.683;
0.114;0.684;
0.114;0.685;
0.114;0.685;
0.115;0.685;
0.115;0.686;
0.115;0.686;
0.115;0.686;
0.116;0.687;
0.116;0.687;
0.117;0.688;
0.117;0.688;
0.118;0.688;
0.118;0.688;
0.118;0.689;
0.118;0.689;
0.119;0.689;
0.119;0.689;
0.119;0.688;
0.119;0.688;
0.119;0.688;
0.119;0.688;
0.119;0.688;
0.119;0.688;
0.119;0.688;
0.119;0.688;
0.118;0.688;
0.118;0.688;
0.118;0.688;
0.117;0.688;
0.117;0.687;
0.117;0.688;
0.116;0.688;
0.116;0.688;
0.116;0.687;
0.116;0.687;
0.116;0.687;
0.117;0.687;
0.117;0.687;
0.117;0.687;
0.117;0.687;
0.117;0.687;
0.117;0.687;
0.117;0.687;
0.117;0.687;
0.117;0.688;
0.118;0.688;
0.118;0.688;
0.118;0.688;
0.117;0.688;
0.118;0.689;
0.117;0.689;
0.117;0.69;
0.117;0.69;
0.117;0.69;
0.117;0.69;
0.116;0.69;
0.116;0.69;
0.116;0.689;
0.116;0.689;
0.116;0.689;
0.116;0.688;
0.116;0.688;
0.116;0.688;
0.116;0.688;
0.116;0.688;
0.116;0.688;
0.116;0.688;
0.116;0.688;
0.116;0.688;
0.116;0.688;
0.115;0.687;
0.115;0.687;
0.115;0.687;
0.115;0.687;
0.115;0.687;
0.115;0.686;
0.115;0.686;
0.115;0.686;
0.115;0.686;
0.115;0.686;
0.115;0.686;
0.115;0.686;
0.115;0.686;
0.115;0.687;
0.114;0.687;
0.114;0.687;
0.114;0.687;
0.114;0.688;
0.114;0.688;
0.114;0.688;
0.114;0.689;
0.113;0.689;
0.113;0.689;
0.113;0.69;
0.113;0.69;
0.113;0.691;
0.113;0.692;
0.113;0.692;
0.113;0.692;
0.113;0.692;
0.113;0.692;
0.113;0.692;
0.113;0.692;
0.113;0.692;
0.113;0.692;
0.113;0.692;
0.113;0.692;
0.113;0.692;
0.113;0.692;
0.113;0.692;
0.113;0.692;
0.113;0.692;
0.113;0.692;
0.113;0.692;
0.113;0.692;
0.113;0.692;
0.113;0.692;
0.113;0.692;
0.113;0.692;
0.113;0.692;
0.113;0.692;
0.113;0.692;
0.113;0.692;
0.113;0.692;
0.113;0.692;
0.113;0.692;
0.113;0.692;
0.113;0.692;
0.113;0.692;
0.126;0.763;
0.126;0.766;
0.127;0.767;
0.127;0.768;
0.127;0.768;
0.127;0.769;
0.127;0.769;
0.127;0.769;
0.127;0.769;
0.127;0.769;
0.127;0.769;
0.127;0.769;
0.127;0.769;
0.126;0.769;
0.126;0.769;
0.126;0.768;
0.126;0.768;
0.126;0.768;
0.126;0.767;
0.126;0.767;
0.126;0.767;
0.126;0.767;
0.126;0.767;
0.126;0.766;
0.126;0.766;
0.126;0.766;
0.126;0.766;
0.126;0.765;
0.126;0.765;
0.126;0.764;
0.127;0.764;
0.127;0.763;
0.127;0.762;
0.127;0.762;
0.127;0.762;
0.128;0.761;
0.128;0.759;
0.128;0.758;
0.128;0.757;
0.642;0.361;
0.642;0.362;
0.641;0.363;
0.641;0.364;
0.641;0.364;
0.64;0.365;
0.64;0.365;
0.64;0.365;
0.64;0.365;
0.639;0.364;
0.639;0.364;
0.639;0.364;
0.639;0.364;
0.639;0.364;
0.639;0.364;
0.638;0.364;
0.638;0.364;
0.638;0.364;
0.638;0.364;
0.638;0.364;
0.638;0.364;
0.638;0.364;
0.638;0.364;
0.638;0.364;
0.638;0.364;
0.638;0.364;
0.638;0.364;
0.638;0.364;
0.638;0.364;
0.638;0.363;
0.638;0.363;
0.638;0.363;
0.638;0.363;
0.638;0.363;
0.638;0.363;
0.638;0.363;
0.638;0.363;
0.637;0.363;
0.637;0.363;
0.637;0.363;
0.637;0.363;
0.638;0.363;
0.638;0.363;
0.638;0.363;
0.638;0.363;
0.638;0.363;
0.638;0.363;
0.638;0.363;
0.638;0.363;
0.638;0.363;
0.639;0.362;
0.639;0.362;
0.639;0.362;
0.639;0.362;
0.639;0.362;
0.64;0.362;
0.64;0.362;
0.64;0.362;
0.64;0.362;
0.64;0.362;
0.64;0.362;
0.64;0.362;
0.641;0.363;
0.641;0.363;
0.641;0.363;
0.641;0.363;
0.641;0.363;
0.641;0.363;
0.641;0.363;
0.641;0.363;
0.641;0.364;
0.641;0.364;
0.641;0.364;
0.641;0.364;
0.641;0.364;
0.641;0.364;
0.641;0.364;
0.641;0.364;
0.641;0.364;
0.64;0.365;
0.64;0.365;
0.64;0.365;
0.639;0.365;
0.639;0.365;
0.639;0.365;
0.638;0.365;
0.638;0.365;
0.638;0.365;
0.637;0.365;
0.637;0.365;
0.637;0.365;
0.637;0.365;
0.637;0.365;
0.637;0.365;
0.637;0.365;
0.637;0.365;
0.637;0.365;
0.637;0.365;
0.637;0.365;
0.637;0.365;
0.637;0.365;
0.637;0.365;
0.637;0.365;
0.637;0.365;
0.637;0.365;
0.637;0.365;
0.637;0.365;
0.637;0.365;
0.637;0.365;
0.637;0.365;
0.637;0.365;
0.637;0.365;
0.637;0.365;
0.637;0.365;
0.637;0.365;
0.637;0.363;
0.636;0.363;
0.636;0.363;
0.636;0.363;
0.636;0.363;
0.636;0.364;
0.636;0.364;
0.636;0.365;
0.636;0.365;
0.636;0.366;
0.636;0.366;
0.636;0.366;
0.636;0.367;
0.636;0.367;
0.636;0.367;
0.636;0.367;
0.636;0.367;
0.636;0.367;
0.636;0.367;
0.636;0.367;
0.636;0.367;
0.636;0.367;
0.636;0.367;
0.636;0.367;
0.636;0.367;
0.636;0.367;
0.636;0.367;
0.636;0.367;
0.636;0.367;
0.636;0.367;
0.636;0.367;
0.636;0.367;
0.636;0.367;
0.637;0.367;
0.637;0.367;
0.637;0.366;
0.637;0.366;
0.637;0.366;
0.637;0.366;
0.637;0.366;
0.637;0.366;
0.638;0.366;
0.638;0.366;
0.638;0.366;
0.638;0.366;
0.638;0.365;
0.638;0.365;
0.638;0.365;
0.638;0.366;
0.639;0.366;
0.639;0.366;
0.639;0.366;
0.639;0.366;
0.639;0.366;
0.639;0.366;
0.639;0.366;
0.639;0.366;
0.639;0.366;
0.639;0.367;
0.639;0.367;
0.638;0.367;
0.638;0.367;
0.638;0.367;
0.637;0.367;
0.637;0.367;
0.637;0.367;
0.636;0.367;
0.636;0.367;
0.636;0.366;
0.635;0.366;
0.635;0.366;
0.635;0.366;
0.635;0.366;
0.635;0.366;
0.635;0.366;
0.635;0.366;
0.635;0.366;
0.636;0.367;
0.636;0.367;
0.423;0.872;
0.423;0.874;
0.424;0.875;
0.424;0.875;
0.424;0.876;
0.424;0.876;
0.424;0.877;
0.424;0.877;
0.424;0.877;
0.424;0.877;
0.424;0.877;
0.425;0.877;
0.425;0.877;
0.425;0.877;
0.425;0.877;
0.425;0.877;
0.425;0.876;
0.425;0.876;
0.425;0.876;
0.425;0.876;
0.425;0.877;
0.425;0.877;
0.425;0.877;
0.425;0.877;
0.426;0.878;
0.426;0.878;
0.426;0.878;
0.426;0.878;
0.426;0.879;
0.426;0.879;
0.426;0.879;
0.426;0.879;
0.427;0.88;
0.427;0.88;
0.428;0.881;
0.428;0.881;
0.428;0.882;
0.429;0.883;
0.429;0.883;
0.429;0.883;
0.43;0.883;
0.43;0.883;
0.431;0.883;
0.431;0.883;
0.432;0.883;
0.432;0.884;
0.433;0.884;
0.433;0.884;
0.433;0.884;
0.434;0.884;
0.434;0.884;
0.434;0.884;
0.434;0.884;
0.434;0.884;
0.434;0.884;
0.434;0.884;
0.434;0.884;
0.435;0.884;
0.435;0.884;
0.435;0.884;
0.435;0.884;
0.436;0.884;
0.436;0.884;
0.436;0.884;
0.436;0.884;
0.436;0.884;
0.436;0.884;
0.436;0.884;
0.436;0.884;
0.436;0.884;
0.436;0.884;
0.436;0.884;
0.436;0.884;
0.436;0.884;
0.436;0.884;
0.436;0.884;
0.436;0.884;
0.436;0.884;
0.436;0.884;
0.436;0.884;
0.436;0.884;
0.436;0.884;
0.436;0.884;
0.436;0.884;
0.436;0.884;
0.436;0.884;
0.436;0.884;
0.436;0.884;
0.436;0.884;
0.436;0.884;
0.436;0.884;
0.436;0.884;
0.488;0.886;
0.488;0.886;
0.488;0.886;
0.487;0.887;
0.487;0.887;
0.486;0.887;
0.486;0.887;
0.486;0.888;
0.485;0.889;
0.484;0.889;
0.484;0.889;
0.484;0.889;
0.483;0.889;
0.483;0.889;
0.483;0.889;
0.483;0.889;
0.483;0.889;
0.483;0.889;
0.483;0.889;
0.483;0.889;
0.484;0.889;
0.484;0.889;
0.484;0.889;
0.484;0.889;
0.484;0.889;
0.484;0.889;
0.484;0.889;
0.484;0.889;
0.484;0.889;
0.484;0.89;
0.484;0.89;
0.484;0.89;
0.484;0.89;
0.484;0.89;
0.484;0.891;
0.484;0.891;
0.484;0.891;
0.483;0.891;
0.483;0.891;
0.483;0.891;
0.482;0.89;
0.482;0.89;
0.482;0.89;
0.542;0.898;
0.543;0.899;
0.544;0.9;
0.546;0.901;
0.546;0.901;
0.547;0.902;
0.548;0.903;
0.548;0.904;
0.549;0.904;
0.549;0.905;
0.55;0.905;
0.55;0.905;
0.549;0.905;
0.548;0.905;
0.548;0.905;
0.546;0.904;
0.543;0.903;
0.539;0.902;
0.534;0.902;
0.528;0.901;
0.521;0.9;
0.513;0.9;
0.504;0.899;
0.494;0.899;
0.494;0.899;
0.483;0.899;
0.47;0.899;
0.458;0.899;
0.446;0.899;
0.434;0.899;
0.423;0.899;
0.413;0.899;
0.405;0.898;
0.405;0.898;
0.398;0.897;
0.392;0.896;
0.388;0.895;
0.386;0.893;
0.386;0.891;
0.389;0.889;
0.394;0.888;
0.401;0.887;
0.409;0.886;
0.419;0.885;
0.419;0.885;
0.429;0.884;
0.441;0.883;
0.454;0.883;
0.468;0.883;
0.482;0.883;
0.496;0.883;
0.51;0.884;
0.522;0.886;
0.534;0.887;
0.534;0.887;
0.544;0.888;
0.553;0.889;
0.56;0.889;
0.566;0.889;
0.569;0.888;
0.568;0.886;
0.565;0.884;
0.558;0.882;
0.558;0.882;
0.55;0.882;
0.54;0.883;
0.531;0.884;
0.52;0.885;
0.51;0.887;
0.5;0.89;
0.49;0.893;
0.48;0.896;
0.47;0.9;
0.462;0.904;
0.462;0.904;
0.455;0.909;
0.45;0.913;
0.446;0.917;
0.444;0.921;
0.442;0.923;
0.442;0.925;
0.442;0.926;
0.443;0.926;
0.444;0.925;
0.444;0.925;
0.446;0.923;
0.45;0.919;
0.453;0.913;
0.457;0.902;
0.461;0.888;
0.463;0.873;
0.465;0.857;
0.467;0.841;
0.467;0.827;
0.467;0.827;
0.467;0.814;
0.468;0.801;
0.468;0.787;
0.467;0.772;
0.466;0.757;
0.465;0.742;
0.464;0.73;
0.462;0.721;
0.461;0.716;
0.461;0.716;
0.459;0.715;
0.457;0.718;
0.457;0.718;
0.456;0.73;
0.456;0.73;
0.452;0.756;
0.451;0.769;
0.449;0.783;
0.448;0.797;
0.448;0.797;
0.447;0.814;
0.446;0.832;
0.446;0.851;
0.445;0.87;
0.445;0.889;
0.445;0.907;
0.444;0.922;
0.444;0.934;
0.445;0.941;
0.445;0.941;
0.445;0.944;
0.445;0.942;
0.445;0.937;
0.446;0.931;
0.447;0.923;
0.448;0.914;
0.45;0.902;
0.451;0.889;
0.452;0.875;
0.452;0.875;
0.453;0.861;
0.453;0.848;
0.454;0.835;
0.455;0.822;
0.456;0.808;
0.458;0.796;
0.459;0.785;
0.46;0.776;
0.461;0.768;
0.461;0.768;
0.463;0.762;
0.464;0.757;
0.466;0.753;
0.468;0.751;
0.47;0.751;
0.472;0.752;
0.474;0.755;
0.475;0.758;
0.477;0.764;
0.477;0.764;
0.478;0.772;
0.479;0.782;
0.479;0.794;
0.48;0.808;
0.48;0.824;
0.48;0.842;
0.48;0.861;
0.479;0.881;
0.479;0.901;
0.479;0.901;
0.478;0.92;
0.477;0.938;
0.477;0.953;
0.476;0.965;
0.476;0.971;
0.475;0.974;
0.475;0.972;
0.474;0.968;
0.473;0.962;
0.473;0.962;
0.473;0.956;
0.472;0.95;
0.472;0.945;
0.473;0.94;
0.474;0.936;
0.475;0.932;
0.47;0.102;
0.47;0.102;
0.471;0.102;
0.471;0.101;
0.472;0.101;
0.472;0.101;
0.472;0.1;
0.472;0.1;
0.472;0.1;
0.472;0.099;
0.473;0.099;
0.473;0.099;
0.473;0.099;
0.473;0.1;
0.473;0.1;
0.473;0.101;
0.473;0.101;
0.473;0.101;
0.473;0.101;
0.474;0.101;
0.474;0.101;
0.474;0.101;
0.474;0.101;
0.474;0.102;
0.473;0.102;
0.473;0.103;
0.473;0.103;
0.473;0.103;
0.473;0.103;
0.473;0.104;
0.473;0.104;
0.473;0.104;
0.474;0.104;
0.474;0.104;
0.474;0.105;
0.474;0.105;
0.474;0.105;
0.474;0.105;
0.474;0.105;
0.475;0.106;
0.475;0.106;
0.475;0.105;
0.475;0.105;
0.476;0.104;
0.476;0.103;
0.476;0.103;
0.477;0.102;
0.477;0.101;
0.477;0.101;
0.477;0.101;
0.478;0.1;
0.478;0.1;
0.478;0.099;
0.479;0.099;
0.479;0.099;
0.479;0.099;
0.48;0.099;
0.48;0.099;
0.48;0.099;
0.48;0.099;
0.48;0.099;
0.48;0.098;
0.48;0.097;
0.48;0.097;
0.48;0.097;
0.48;0.097;
0.48;0.097;
0.48;0.097;
0.48;0.097;
0.48;0.097;
0.48;0.097;
0.48;0.097;
0.481;0.096;
0.482;0.095;
0.482;0.095;
0.482;0.094;
0.483;0.094;
0.483;0.093;
0.483;0.093;
0.483;0.093;
0.484;0.092;
0.484;0.092;
0.485;0.091;
0.485;0.091;
0.485;0.09;
0.485;0.09;
0.485;0.089;
0.485;0.089;
0.485;0.089;
0.485;0.089;
0.485;0.089;
0.485;0.089;
0.485;0.09;
0.485;0.09;
0.484;0.09;
0.484;0.091;
0.484;0.091;
0.484;0.092;
0.484;0.092;
0.484;0.092;
0.484;0.092;
0.484;0.091;
0.484;0.091;
0.484;0.091;
0.484;0.091;
0.483;0.091;
0.483;0.091;
0.483;0.091;
0.483;0.091;
0.483;0.091;
0.483;0.091;
0.483;0.091;
0.483;0.092;
0.483;0.092;
0.483;0.093;
0.483;0.093;
0.483;0.092;
0.483;0.092;
0.482;0.092;
0.482;0.092;
0.482;0.091;
0.482;0.091;
0.482;0.091;
0.481;0.091;
0.481;0.09;
0.481;0.09;
0.48;0.09;
0.48;0.09;
0.48;0.09;
0.48;0.09;
0.48;0.09;
0.48;0.09;
0.48;0.09;
0.48;0.09;
0.48;0.09;
0.479;0.089;
0.479;0.089;
0.479;0.089;
0.479;0.09;
0.479;0.09;
0.478;0.09;
0.478;0.09;
0.478;0.091;
0.477;0.091;
0.477;0.091;
0.477;0.09;
0.476;0.089;
0.476;0.089;
0.476;0.089;
0.476;0.089;
0.476;0.089;
0.476;0.09;
0.476;0.09;
0.476;0.09;
0.476;0.09;
0.475;0.089;
0.475;0.089;
0.475;0.089;
0.475;0.088;
0.475;0.088;
0.475;0.088;
0.475;0.088;
0.475;0.087;
0.475;0.087;
0.475;0.086;
0.475;0.086;
0.476;0.086;
0.476;0.086;
0.476;0.087;
0.476;0.087;
0.476;0.087;
0.476;0.087;
0.476;0.087;
0.476;0.088;
0.476;0.088;
0.476;0.088;
0.476;0.087;
0.476;0.088;
0.476;0.088;
0.476;0.088;
0.476;0.088;
0.476;0.088;
0.476;0.089;
0.476;0.089;
0.475;0.089;
0.476;0.089;
0.475;0.089;
0.476;0.089;
0.476;0.088;
0.476;0.088;
0.476;0.088;
0.476;0.088;
0.476;0.088;
0.477;0.088;
0.477;0.088;
0.477;0.088;
0.477;0.088;
0.477;0.088;
0.477;0.088;
0.477;0.088;
0.477;0.088;
0.477;0.088;
0.477;0.088;
0.477;0.088;
0.478;0.088;
0.477;0.088;
0.477;0.088;
0.477;0.088;
0.477;0.088;
0.477;0.088;
0.477;0.089;
0.477;0.089;
0.477;0.089;
0.477;0.089;
0.477;0.088;
0.477;0.088;
0.477;0.087;
0.477;0.087;
0.477;0.086;
0.477;0.086;
0.478;0.086;
0.478;0.085;
0.478;0.085;
0.479;0.085;
0.48;0.085;
0.481;0.085;
0.482;0.085;
0.482;0.085;
0.483;0.085;
0.483;0.085;
0.483;0.085;
0.484;0.085;
0.484;0.085;
0.484;0.085;
0.484;0.086;
0.484;0.086;
0.484;0.087;
0.483;0.087;
0.483;0.087;
0.483;0.087;
0.483;0.087;
0.483;0.087;
0.483;0.087;
0.483;0.087;
0.483;0.087;
0.483;0.087;
0.483;0.087;
0.483;0.087;
0.483;0.087;
0.483;0.087;
0.483;0.087;
0.483;0.087;
0.48;0.083;
0.48;0.083;
0.48;0.083;
0.481;0.083;
0.481;0.083;
0.481;0.083;
0.481;0.083;
0.481;0.083;
0.481;0.083;
0.481;0.083;
0.481;0.083;
0.481;0.083;
0.481;0.084;
0.481;0.084;
0.481;0.084;
0.481;0.084;
0.481;0.084;
0.481;0.084;
0.481;0.083;
0.481;0.083;
0.481;0.083;
0.48;0.083;
0.48;0.083;
0.48;0.084;
0.48;0.084;
0.48;0.084;
0.48;0.085;
0.48;0.085;
0.48;0.085;
0.48;0.085;
0.479;0.085;
0.479;0.086;
0.479;0.086;
0.479;0.086;
0.479;0.087;
0.478;0.087;
0.478;0.088;
0.478;0.088;
0.478;0.089;
0.477;0.089;
0.477;0.09;
0.141;0.493;
0.143;0.501;
0.145;0.511;
0.147;0.52;
0.15;0.53;
0.152;0.54;
0.152;0.54;
0.155;0.55;
0.158;0.56;
0.16;0.569;
0.162;0.578;
0.164;0.586;
0.165;0.594;
0.167;0.602;
0.169;0.61;
0.171;0.618;
0.171;0.618;
0.174;0.626;
0.176;0.633;
0.177;0.64;
0.178;0.647;
0.178;0.652;
0.179;0.657;
0.179;0.661;
0.179;0.665;
0.18;0.669;
0.18;0.669;
0.181;0.672;
0.182;0.675;
0.183;0.678;
0.183;0.681;
0.183;0.683;
0.183;0.685;
0.184;0.687;
0.184;0.688;
0.184;0.689;
0.184;0.689;
0.184;0.689;
0.184;0.689;
0.185;0.689;
0.184;0.69;
0.184;0.69;
0.184;0.69;
0.184;0.69;
0.184;0.691;
0.184;0.691;
0.184;0.691;
0.184;0.691;
0.184;0.69;
0.184;0.69;
0.184;0.689;
0.184;0.687;
0.184;0.686;
0.184;0.686;
0.184;0.685;
0.185;0.684;
0.185;0.684;
0.185;0.684;
0.185;0.683;
0.185;0.681;
0.185;0.68;
0.185;0.678;
0.185;0.677;
0.185;0.676;
0.185;0.675;
0.186;0.674;
0.186;0.674;
0.186;0.674;
0.186;0.674;
0.187;0.673;
0.187;0.673;
0.187;0.674;
0.188;0.675;
0.188;0.676;
0.188;0.677;
0.188;0.677;
0.189;0.679;
0.189;0.679;
0.19;0.681;
0.19;0.682;
0.19;0.682;
0.19;0.683;
0.191;0.683;
0.191;0.683;
0.191;0.683;
0.191;0.683;
0.191;0.683;
0.191;0.683;
0.191;0.683;
0.191;0.683;
0.191;0.683;
0.191;0.684;
0.191;0.684;
0.191;0.684;
0.191;0.684;
0.191;0.684;
0.191;0.684;
0.191;0.685;
0.191;0.685;
0.19;0.686;
0.19;0.686;
0.19;0.686;
0.19;0.686;
0.191;0.686;
0.191;0.686;
0.191;0.686;
0.191;0.686;
0.191;0.686;
0.192;0.686;
0.192;0.686;
0.192;0.686;
0.192;0.686;
0.192;0.686;
0.192;0.686;
0.192;0.686;
0.192;0.686;
0.192;0.686;
0.192;0.686;
0.192;0.686;
0.192;0.686;
0.192;0.686;
0.193;0.686;
0.193;0.685;
0.193;0.684;
0.194;0.683;
0.194;0.681;
0.194;0.681;
0.195;0.678;
0.196;0.675;
0.196;0.67;
0.197;0.666;
0.198;0.661;
0.198;0.656;
0.198;0.651;
0.197;0.646;
0.196;0.641;
0.196;0.641;
0.194;0.637;
0.192;0.632;
0.19;0.628;
0.187;0.625;
0.185;0.622;
0.182;0.621;
0.18;0.62;
0.177;0.62;
0.174;0.621;
0.174;0.621;
0.172;0.621;
0.169;0.622;
0.166;0.624;
0.163;0.626;
0.161;0.628;
0.158;0.631;
0.156;0.635;
0.155;0.638;
0.153;0.643;
0.152;0.647;
0.152;0.647;
0.151;0.653;
0.15;0.658;
0.15;0.664;
0.151;0.669;
0.152;0.674;
0.153;0.68;
0.155;0.685;
0.158;0.69;
0.158;0.69;
0.161;0.694;
0.164;0.698;
0.168;0.702;
0.172;0.705;
0.176;0.707;
0.181;0.71;
0.186;0.712;
0.19;0.714;
0.195;0.715;
0.195;0.715;
0.199;0.716;
0.204;0.717;
0.208;0.717;
0.212;0.716;
0.216;0.716;
0.22;0.714;
0.223;0.711;
0.226;0.708;
0.229;0.704;
0.231;0.699;
0.231;0.699;
0.233;0.694;
0.235;0.689;
0.236;0.684;
0.237;0.678;
0.237;0.672;
0.236;0.666;
0.235;0.661;
0.234;0.656;
0.233;0.651;
0.233;0.651;
0.231;0.646;
0.23;0.642;
0.227;0.639;
0.225;0.635;
0.222;0.632;
0.219;0.63;
0.215;0.628;
0.212;0.626;
0.208;0.624;
0.208;0.624;
0.204;0.622;
0.2;0.62;
0.195;0.619;
0.19;0.618;
0.185;0.618;
0.18;0.618;
0.176;0.618;
0.172;0.619;
0.168;0.62;
0.168;0.62;
0.165;0.622;
0.162;0.625;
0.16;0.628;
0.158;0.631;
0.157;0.635;
0.155;0.64;
0.155;0.644;
0.155;0.649;
0.155;0.653;
0.155;0.653;
0.156;0.658;
0.157;0.663;
0.158;0.668;
0.16;0.674;
0.162;0.678;
0.164;0.683;
0.166;0.688;
0.169;0.692;
0.172;0.695;
0.172;0.695;
0.175;0.699;
0.178;0.702;
0.181;0.705;
0.184;0.707;
0.187;0.708;
0.19;0.708;
0.193;0.708;
0.196;0.707;
0.199;0.705;
0.199;0.705;
0.199;0.705;
0.199;0.705;
0.199;0.705;
0.199;0.705;
0.199;0.705;
0.199;0.705;
0.199;0.705;
0.199;0.705;
0.199;0.705;
0.199;0.705;
0.199;0.705;
0.199;0.705;
0.199;0.705;
0.199;0.705;
0.199;0.705;
0.199;0.705;
0.199;0.705;
0.199;0.705;
0.199;0.705;
0.199;0.705;
0.199;0.705;
0.199;0.705;
0.199;0.705;
0.199;0.705;
0.199;0.705;
0.199;0.705;
0.199;0.705;
0.199;0.705;
0.199;0.705;
0.199;0.705;
0.199;0.705;
0.199;0.705;
0.199;0.705;
0.229;0.606;
0.229;0.606;
0.226;0.604;
0.224;0.603;
0.222;0.602;
0.22;0.602;
0.22;0.602;
0.066;0.102;
0.066;0.102;
0.066;0.102;
0.065;0.103;
0.065;0.104;
0.065;0.104;
0.065;0.104;
0.064;0.104;
0.064;0.104;
0.063;0.105;
0.063;0.105;
0.063;0.105;
0.063;0.105;
0.062;0.106;
0.062;0.107;
0.061;0.107;
0.061;0.107;
0.061;0.107;
0.06;0.107;
0.06;0.107;
0.06;0.106;
0.06;0.106;
0.06;0.106;
0.06;0.106;
0.06;0.106;
0.06;0.105;
0.059;0.105;
0.059;0.105;
0.059;0.105;
0.059;0.105;
0.059;0.105;
0.059;0.105;
0.059;0.105;
0.059;0.106;
0.059;0.106;
0.059;0.106;
0.059;0.106;
0.059;0.106;
0.059;0.106;
0.059;0.105;
0.059;0.105;
0.059;0.105;
0.059;0.105;
0.06;0.105;
0.06;0.106;
0.06;0.106;
0.06;0.106;
0.061;0.106;
0.061;0.106;
0.061;0.107;
0.062;0.107;
0.062;0.107;
0.062;0.107;
0.062;0.107;
0.062;0.107;
0.062;0.107;
0.062;0.107;
0.063;0.107;
0.063;0.107;
0.063;0.107;
0.063;0.106;
0.063;0.106;
0.063;0.106;
0.063;0.107;
0.063;0.107;
0.063;0.106;
0.063;0.106;
0.062;0.106;
0.062;0.106;
0.061;0.105;
0.061;0.105;
0.061;0.105;
0.06;0.104;
0.059;0.104;
0.059;0.104;
0.058;0.103;
0.058;0.103;
0.057;0.103;
0.057;0.104;
0.056;0.104;
0.056;0.105;
0.056;0.105;
0.056;0.105;
0.056;0.106;
0.055;0.106;
0.055;0.106;
0.056;0.106;
0.056;0.106;
0.056;0.106;
0.056;0.106;
0.056;0.106;
0.056;0.106;
0.056;0.107;
0.056;0.107;
0.056;0.107;
0.056;0.108;
0.056;0.108;
0.056;0.108;
0.056;0.109;
0.057;0.109;
0.057;0.109;
0.057;0.109;
0.057;0.11;
0.057;0.11;
0.057;0.11;
0.057;0.11;
0.058;0.11;
0.058;0.11;
0.058;0.11;
0.058;0.11;
0.058;0.109;
0.058;0.109;
0.058;0.109;
0.058;0.108;
0.058;0.108;
0.058;0.108;
0.058;0.107;
0.058;0.107;
0.058;0.106;
0.058;0.106;
0.058;0.105;
0.058;0.105;
0.058;0.105;
0.058;0.104;
0.058;0.104;
0.058;0.104;
0.058;0.104;
0.058;0.104;
0.058;0.103;
0.058;0.103;
0.058;0.103;
0.058;0.103;
0.058;0.103;
0.058;0.103;
0.059;0.103;
0.059;0.103;
0.059;0.103;
0.059;0.103;
0.059;0.103;
0.059;0.103;
0.059;0.103;
0.059;0.103;
0.059;0.103;
0.059;0.103;
0.059;0.104;
0.059;0.104;
0.059;0.104;
0.059;0.104;
0.059;0.104;
0.06;0.104;
0.06;0.103;
0.06;0.103;
0.06;0.103;
0.06;0.103;
0.059;0.102;
0.059;0.103;
0.059;0.103;
0.059;0.103;
0.058;0.103;
0.058;0.104;
0.058;0.104;
0.058;0.104;
0.058;0.104;
0.058;0.104;
0.058;0.104;
0.058;0.104;
0.058;0.104;
0.058;0.104;
0.058;0.104;
0.059;0.104;
0.059;0.104;
0.059;0.104;
0.059;0.104;
0.058;0.104;
0.059;0.104;
0.059;0.104;
0.059;0.104;
0.059;0.103;
0.059;0.103;
0.06;0.103;
0.06;0.103;
0.059;0.104;
0.059;0.104;
0.059;0.104;
0.059;0.104;
0.059;0.104;
0.059;0.104;
0.059;0.104;
0.059;0.104;
0.059;0.104;
0.059;0.104;
0.059;0.104;
0.059;0.104;
0.059;0.104;
0.059;0.104;
0.059;0.104;
0.059;0.104;
0.059;0.104;
0.059;0.104;
0.059;0.104;
0.059;0.104;
0.059;0.104;
0.059;0.104;
0.059;0.104;
0.059;0.104;
0.059;0.104;
0.059;0.104;
0.059;0.104;
0.06;0.107;
0.06;0.106;
0.06;0.106;
0.06;0.106;
0.061;0.106;
0.061;0.106;
0.061;0.107;
0.061;0.107;
0.061;0.107;
0.061;0.106;
0.061;0.106;
0.062;0.106;
0.062;0.106;
0.062;0.105;
0.062;0.105;
0.062;0.106;
0.062;0.105;
0.062;0.105;
0.063;0.105;
0.063;0.105;
0.063;0.105;
0.062;0.105;
0.062;0.105;
0.062;0.105;
0.062;0.105;
0.063;0.105;
0.063;0.105;
0.063;0.105;
0.063;0.105;
0.063;0.105;
0.063;0.105;
0.062;0.105;
0.062;0.105;
0.062;0.106;
0.062;0.106;
0.062;0.106;
0.061;0.106;
0.061;0.106;
0.061;0.106;
0.061;0.106;
0.061;0.106;
0.06;0.106;
0.06;0.106;
0.06;0.106;
0.06;0.106;
0.061;0.106;
0.061;0.106;
0.061;0.106;
0.061;0.106;
0.397;0.361;
0.398;0.361;
0.398;0.361;
0.398;0.361;
0.398;0.36;
0.398;0.36;
0.398;0.36;
0.398;0.36;
0.398;0.36;
0.398;0.36;
0.398;0.36;
0.398;0.36;
0.398;0.36;
0.398;0.36;
0.398;0.36;
0.398;0.36;
0.398;0.36;
0.398;0.36;
0.398;0.36;
0.398;0.36;
0.398;0.36;
0.398;0.36;
0.398;0.36;
0.398;0.36;
0.398;0.36;
0.398;0.36;
0.398;0.36;
0.398;0.36;
0.398;0.36;
0.398;0.36;
0.398;0.36;
0.398;0.36;
0.398;0.36;
0.398;0.36;
0.398;0.36;
0.398;0.36;
0.398;0.36;
0.398;0.36;
0.398;0.36;
0.381;0.354;
0.379;0.354;
0.378;0.353;
0.377;0.353;
0.375;0.352;
0.375;0.352;
0.374;0.352;
0.373;0.351;
0.371;0.351;
0.37;0.351;
0.369;0.35;
0.367;0.35;
0.365;0.35;
0.363;0.349;
0.361;0.349;
0.361;0.349;
0.36;0.348;
0.359;0.348;
0.358;0.348;
0.356;0.347;
0.355;0.347;
0.354;0.347;
0.352;0.347;
0.351;0.347;
0.349;0.347;
0.349;0.347;
0.348;0.347;
0.347;0.347;
0.346;0.347;
0.345;0.347;
0.344;0.347;
0.343;0.348;
0.342;0.348;
0.34;0.348;
0.339;0.349;
0.339;0.349;
0.339;0.35;
0.338;0.35;
0.336;0.351;
0.335;0.352;
0.334;0.353;
0.333;0.353;
0.332;0.353;
0.331;0.352;
0.33;0.352;
0.33;0.352;
0.329;0.351;
0.327;0.351;
0.326;0.351;
0.324;0.35;
0.321;0.35;
0.32;0.349;
0.318;0.349;
0.316;0.348;
0.315;0.348;
0.315;0.348;
0.313;0.348;
0.312;0.348;
0.31;0.348;
0.309;0.348;
0.307;0.348;
0.306;0.349;
0.305;0.349;
0.304;0.349;
0.303;0.349;
0.303;0.349;
0.302;0.349;
0.301;0.349;
0.3;0.349;
0.3;0.349;
0.299;0.349;
0.298;0.35;
0.297;0.35;
0.296;0.35;
0.295;0.35;
0.295;0.35;
0.294;0.351;
0.293;0.351;
0.292;0.351;
0.291;0.351;
0.289;0.351;
0.287;0.352;
0.286;0.352;
0.284;0.352;
0.282;0.352;
0.282;0.352;
0.281;0.353;
0.279;0.353;
0.278;0.353;
0.276;0.353;
0.274;0.353;
0.272;0.353;
0.27;0.353;
0.269;0.352;
0.267;0.352;
0.267;0.352;
0.266;0.352;
0.264;0.353;
0.263;0.353;
0.261;0.353;
0.26;0.353;
0.259;0.353;
0.258;0.352;
0.258;0.351;
0.258;0.35;
0.258;0.35;
0.258;0.349;
0.257;0.349;
0.257;0.348;
0.257;0.347;
0.257;0.347;
0.257;0.346;
0.257;0.346;
0.257;0.346;
0.258;0.346;
0.258;0.346;
0.259;0.347;
0.26;0.347;
0.26;0.348;
0.261;0.35;
0.261;0.352;
0.262;0.355;
0.262;0.358;
0.263;0.361;
0.263;0.364;
0.263;0.364;
0.263;0.367;
0.263;0.37;
0.263;0.374;
0.263;0.378;
0.263;0.383;
0.262;0.388;
0.262;0.393;
0.262;0.397;
0.261;0.402;
0.261;0.402;
0.261;0.406;
0.26;0.41;
0.26;0.414;
0.259;0.418;
0.259;0.422;
0.258;0.426;
0.257;0.43;
0.256;0.433;
0.256;0.436;
0.256;0.436;
0.255;0.439;
0.255;0.442;
0.254;0.444;
0.253;0.446;
0.253;0.448;
0.252;0.451;
0.252;0.453;
0.252;0.455;
0.251;0.458;
0.251;0.458;
0.251;0.461;
0.252;0.464;
0.252;0.467;
0.252;0.47;
0.252;0.473;
0.252;0.477;
0.253;0.48;
0.253;0.484;
0.253;0.487;
0.253;0.487;
0.254;0.49;
0.255;0.494;
0.255;0.498;
0.256;0.502;
0.257;0.506;
0.257;0.51;
0.258;0.514;
0.259;0.518;
0.26;0.521;
0.26;0.521;
0.26;0.524;
0.261;0.527;
0.261;0.53;
0.261;0.532;
0.261;0.535;
0.262;0.537;
0.262;0.539;
0.262;0.541;
0.262;0.543;
0.262;0.543;
0.262;0.545;
0.261;0.548;
0.261;0.55;
0.261;0.552;
0.261;0.555;
0.26;0.557;
0.26;0.56;
0.26;0.563;
0.261;0.566;
0.261;0.566;
0.261;0.566;
0.261;0.569;
0.261;0.576;
0.261;0.58;
0.261;0.584;
0.261;0.588;
0.261;0.592;
0.262;0.596;
0.262;0.6;
0.263;0.603;
0.263;0.603;
0.263;0.606;
0.263;0.609;
0.264;0.612;
0.264;0.615;
0.264;0.618;
0.264;0.621;
0.264;0.623;
0.265;0.626;
0.265;0.626;
0.265;0.629;
0.265;0.631;
0.265;0.634;
0.265;0.636;
0.265;0.638;
0.265;0.641;
0.265;0.644;
0.265;0.646;
0.265;0.648;
0.265;0.651;
0.265;0.651;
0.265;0.653;
0.265;0.656;
0.265;0.658;
0.265;0.661;
0.265;0.663;
0.265;0.665;
0.265;0.668;
0.265;0.67;
0.265;0.672;
0.265;0.672;
0.265;0.674;
0.265;0.675;
0.265;0.677;
0.265;0.678;
0.265;0.679;
0.265;0.679;
0.265;0.68;
0.265;0.68;
0.265;0.68;
0.265;0.68;
0.265;0.68;
0.265;0.679;
0.266;0.678;
0.266;0.677;
0.267;0.676;
0.268;0.674;
0.269;0.672;
0.27;0.67;
0.271;0.668;
0.271;0.668;
0.272;0.665;
0.273;0.663;
0.275;0.661;
0.276;0.66;
0.277;0.658;
0.279;0.656;
0.281;0.655;
0.282;0.653;
0.284;0.652;
0.284;0.652;
0.286;0.651;
0.288;0.65;
0.29;0.649;
0.291;0.649;
0.293;0.648;
0.295;0.647;
0.296;0.647;
0.298;0.647;
0.299;0.647;
0.299;0.647;
0.301;0.647;
0.302;0.648;
0.304;0.648;
0.305;0.648;
0.306;0.649;
0.307;0.65;
0.309;0.651;
0.31;0.652;
0.31;0.652;
0.311;0.653;
0.311;0.654;
0.312;0.655;
0.314;0.655;
0.315;0.655;
0.316;0.655;
0.317;0.655;
0.319;0.655;
0.32;0.655;
0.321;0.654;
0.321;0.654;
0.322;0.654;
0.323;0.653;
0.325;0.652;
0.327;0.652;
0.328;0.651;
0.33;0.65;
0.331;0.649;
0.333;0.647;
0.334;0.647;
0.334;0.647;
0.335;0.645;
0.337;0.644;
0.338;0.643;
0.338;0.642;
0.339;0.641;
0.341;0.64;
0.342;0.64;
0.343;0.64;
0.344;0.639;
0.344;0.639;
0.346;0.639;
0.347;0.639;
0.349;0.639;
0.35;0.639;
0.352;0.639;
0.353;0.639;
0.355;0.639;
0.356;0.639;
0.357;0.639;
0.357;0.639;
0.358;0.638;
0.36;0.638;
0.361;0.637;
0.363;0.637;
0.364;0.636;
0.366;0.636;
0.367;0.636;
0.368;0.637;
0.369;0.637;
0.369;0.637;
0.371;0.637;
0.372;0.637;
0.373;0.637;
0.375;0.637;
0.376;0.637;
0.378;0.637;
0.379;0.637;
0.38;0.636;
0.381;0.636;
0.381;0.636;
0.383;0.636;
0.385;0.635;
0.386;0.635;
0.388;0.634;
0.39;0.634;
0.392;0.633;
0.394;0.633;
0.396;0.633;
0.398;0.633;
0.398;0.633;
0.401;0.633;
0.403;0.632;
0.405;0.631;
0.407;0.631;
0.408;0.63;
0.41;0.629;
0.411;0.629;
0.412;0.629;
0.413;0.629;
0.413;0.629;
0.414;0.629;
0.414;0.629;
0.414;0.629;
0.414;0.629;
0.414;0.629;
0.414;0.629;
0.414;0.629;
0.414;0.629;
0.414;0.629;
0.414;0.629;
0.414;0.629;
0.414;0.629;
0.414;0.629;
0.414;0.629;
0.414;0.629;
0.414;0.629;
0.414;0.629;
0.414;0.629;
0.414;0.629;
0.414;0.629;
0.414;0.629;
0.414;0.629;
0.414;0.629;
0.414;0.629;
0.414;0.629;
0.414;0.629;
0.414;0.629;
0.414;0.629;
0.414;0.629;
0.414;0.629;
0.414;0.629;
0.414;0.629;
0.414;0.629;
0.414;0.629;
0.414;0.629;
0.423;0.556;
0.423;0.553;
0.423;0.55;
0.423;0.547;
0.423;0.547;
0.423;0.544;
0.423;0.541;
0.423;0.538;
0.422;0.535;
0.422;0.533;
0.423;0.53;
0.423;0.528;
0.423;0.526;
0.423;0.525;
0.423;0.525;
0.423;0.523;
0.423;0.521;
0.423;0.519;
0.422;0.517;
0.422;0.515;
0.423;0.513;
0.423;0.51;
0.423;0.508;
0.423;0.505;
0.423;0.505;
0.423;0.503;
0.423;0.5;
0.423;0.498;
0.423;0.495;
0.423;0.493;
0.424;0.49;
0.424;0.487;
0.424;0.485;
0.425;0.482;
0.425;0.482;
0.424;0.48;
0.424;0.477;
0.424;0.475;
0.425;0.472;
0.425;0.469;
0.425;0.467;
0.425;0.464;
0.425;0.461;
0.425;0.459;
0.425;0.459;
0.425;0.456;
0.424;0.454;
0.424;0.452;
0.424;0.45;
0.424;0.447;
0.424;0.445;
0.423;0.443;
0.423;0.441;
0.423;0.439;
0.423;0.439;
0.422;0.437;
0.421;0.435;
0.421;0.432;
0.42;0.43;
0.42;0.428;
0.419;0.426;
0.418;0.424;
0.417;0.422;
0.416;0.419;
0.415;0.418;
0.415;0.418;
0.414;0.416;
0.414;0.414;
0.413;0.412;
0.412;0.411;
0.412;0.409;
0.411;0.407;
0.411;0.405;
0.41;0.403;
0.41;0.402;
0.41;0.402;
0.41;0.4;
0.41;0.399;
0.41;0.397;
0.411;0.395;
0.411;0.393;
0.411;0.39;
0.412;0.387;
0.412;0.385;
0.412;0.385;
0.412;0.382;
0.413;0.38;
0.413;0.378;
0.412;0.375;
0.412;0.373;
0.412;0.371;
0.412;0.369;
0.411;0.367;
0.411;0.365;
0.411;0.363;
0.411;0.363;
0.411;0.361;
0.41;0.359;
0.409;0.357;
0.409;0.356;
0.409;0.354;
0.409;0.353;
0.409;0.352;
0.409;0.351;
0.409;0.35;
0.409;0.35;
0.409;0.35;
0.409;0.349;
0.409;0.349;
0.409;0.348;
0.409;0.348;
0.41;0.347;
0.41;0.347;
0.41;0.347;
0.41;0.347;
0.41;0.347;
0.41;0.347;
0.41;0.347;
0.411;0.347;
0.906;0.212;
0.906;0.212;
0.909;0.213;
0.911;0.214;
0.913;0.215;
0.915;0.216;
0.917;0.217;
0.918;0.218;
0.92;0.218;
0.921;0.219;
0.923;0.218;
0.923;0.218;
0.925;0.217;
0.927;0.216;
0.929;0.215;
0.93;0.213;
0.931;0.212;
0.932;0.211;
0.933;0.21;
0.934;0.209;
0.935;0.208;
0.935;0.208;
0.936;0.207;
0.936;0.206;
0.936;0.205;
0.937;0.204;
0.937;0.203;
0.937;0.202;
0.938;0.201;
0.938;0.2;
0.938;0.199;
0.938;0.199;
0.938;0.198;
0.938;0.198;
0.938;0.198;
0.938;0.197;
0.939;0.197;
0.939;0.197;
0.939;0.197;
0.939;0.197;
0.939;0.198;
0.939;0.198;
0.939;0.198;
0.939;0.198;
0.939;0.197;
0.94;0.197;
0.94;0.196;
0.941;0.195;
0.941;0.194;
0.941;0.193;
0.941;0.192;
0.941;0.192;
0.942;0.191;
0.942;0.19;
0.943;0.189;
0.944;0.187;
0.944;0.186;
0.944;0.185;
0.944;0.183;
0.944;0.181;
0.944;0.18;
0.944;0.18;
0.944;0.178;
0.944;0.177;
0.944;0.176;
0.943;0.175;
0.942;0.174;
0.942;0.174;
0.941;0.173;
0.94;0.173;
0.939;0.172;
0.939;0.172;
0.938;0.172;
0.936;0.172;
0.935;0.172;
0.933;0.173;
0.932;0.173;
0.931;0.174;
0.93;0.174;
0.93;0.174;
0.929;0.174;
0.929;0.174;
0.929;0.174;
0.929;0.174;
0.929;0.175;
0.929;0.175;
0.929;0.176;
0.929;0.176;
0.929;0.176;
0.929;0.176;
0.93;0.176;
0.93;0.176;
0.93;0.176;
0.93;0.175;
0.93;0.175;
0.931;0.175;
0.931;0.174;
0.931;0.174;
0.931;0.174;
0.93;0.174;
0.93;0.175;
0.93;0.175;
0.93;0.175;
0.93;0.175;
0.93;0.174;
0.93;0.175;
0.93;0.175;
0.929;0.175;
0.929;0.176;
0.929;0.176;
0.929;0.176;
0.929;0.176;
0.929;0.177;
0.929;0.177;
0.929;0.177;
0.929;0.177;
0.928;0.177;
0.928;0.177;
0.929;0.176;
0.929;0.176;
0.929;0.175;
0.929;0.175;
0.929;0.175;
0.929;0.175;
0.929;0.175;
0.929;0.174;
0.929;0.174;
0.929;0.174;
0.929;0.174;
0.93;0.174;
0.93;0.174;
0.93;0.174;
0.93;0.174;
0.929;0.174;
0.929;0.174;
0.929;0.174;
0.929;0.174;
0.929;0.173;
0.929;0.173;
0.929;0.173;
0.929;0.172;
0.929;0.172;
0.929;0.173;
0.928;0.173;
0.928;0.173;
0.928;0.173;
0.928;0.174;
0.928;0.174;
0.928;0.174;
0.927;0.174;
0.927;0.174;
0.927;0.174;
0.926;0.175;
0.926;0.175;
0.926;0.175;
0.926;0.175;
0.926;0.175;
0.926;0.175;
0.926;0.175;
0.926;0.175;
0.926;0.174;
0.926;0.174;
0.926;0.174;
0.926;0.174;
0.926;0.175;
0.926;0.175;
0.927;0.174;
0.927;0.174;
0.927;0.174;
0.928;0.173;
0.928;0.173;
0.928;0.173;
0.928;0.172;
0.928;0.172;
0.928;0.172;
0.929;0.171;
0.929;0.171;
0.93;0.17;
0.93;0.17;
0.93;0.17;
0.93;0.17;
0.93;0.17;
0.93;0.17;
0.93;0.17;
0.93;0.17;
0.931;0.17;
0.931;0.17;
0.931;0.17;
0.931;0.17;
0.931;0.17;
0.931;0.17;
0.931;0.17;
0.931;0.17;
0.931;0.17;
0.931;0.17;
0.931;0.17;
0.931;0.171;
0.931;0.171;
0.931;0.171;
0.931;0.171;
0.931;0.171;
0.931;0.171;
0.93;0.171;
0.93;0.171;
0.93;0.171;
0.931;0.171;
0.931;0.17;
0.931;0.17;
0.931;0.169;
0.931;0.169;
0.931;0.169;
0.931;0.169;
0.931;0.169;
0.931;0.169;
0.931;0.169;
0.931;0.169;
0.931;0.169;
0.931;0.169;
0.931;0.169;
0.931;0.169;
0.931;0.169;
0.931;0.169;
0.931;0.169;
0.931;0.169;
0.931;0.169;
0.931;0.169;
0.931;0.169;
0.931;0.169;
0.931;0.169;
0.931;0.169;
0.931;0.169;
0.931;0.169;
0.931;0.169;
0.931;0.169;
0.931;0.169;
0.931;0.169;
0.93;0.168;
0.93;0.168;
0.93;0.168;
0.93;0.168;
0.929;0.169;
0.929;0.17;
0.929;0.17;
0.928;0.17;
0.928;0.171;
0.928;0.171;
0.928;0.171;
0.928;0.172;
0.927;0.172;
0.927;0.173;
0.927;0.173;
0.927;0.173;
0.927;0.173;
0.927;0.173;
0.927;0.173;
0.927;0.173;
0.927;0.174;
0.927;0.174;
0.927;0.174;
0.927;0.175;
0.927;0.175;
0.927;0.175;
0.927;0.175;
0.927;0.175;
0.927;0.175;
0.927;0.175;
0.927;0.175;
0.927;0.176;
0.927;0.176;
0.926;0.176;
0.926;0.176;
0.506;0.647;
0.505;0.646;
0.505;0.644;
0.504;0.643;
0.504;0.643;
0.504;0.642;
0.503;0.641;
0.503;0.64;
0.502;0.639;
0.502;0.639;
0.502;0.638;
0.502;0.637;
0.502;0.636;
0.501;0.636;
0.501;0.636;
0.501;0.636;
0.501;0.635;
0.501;0.635;
0.501;0.635;
0.501;0.634;
0.5;0.633;
0.5;0.632;
0.499;0.631;
0.498;0.63;
0.498;0.63;
0.498;0.629;
0.497;0.628;
0.496;0.628;
0.496;0.627;
0.495;0.627;
0.494;0.627;
0.493;0.628;
0.493;0.628;
0.492;0.628;
0.492;0.628;
0.492;0.628;
0.491;0.629;
0.491;0.629;
0.49;0.63;
0.49;0.631;
0.49;0.631;
0.49;0.631;
0.49;0.632;
0.491;0.632;
0.491;0.632;
0.491;0.633;
0.492;0.633;
0.492;0.634;
0.493;0.634;
0.494;0.634;
0.494;0.634;
0.495;0.634;
0.496;0.634;
0.496;0.635;
0.496;0.635;
0.497;0.635;
0.497;0.635;
0.497;0.635;
0.498;0.635;
0.498;0.635;
0.498;0.635;
0.498;0.636;
0.498;0.636;
0.498;0.636;
0.498;0.636;
0.498;0.636;
0.498;0.636;
0.498;0.636;
0.498;0.636;
0.498;0.635;
0.497;0.635;
0.497;0.634;
0.497;0.634;
0.497;0.634;
0.497;0.634;
0.497;0.634;
0.496;0.634;
0.496;0.634;
0.496;0.634;
0.496;0.634;
0.496;0.634;
0.496;0.634;
0.496;0.633;
0.496;0.633;
0.496;0.633;
0.496;0.633;
0.496;0.632;
0.496;0.631;
0.496;0.631;
0.496;0.63;
0.497;0.63;
0.497;0.63;
0.497;0.63;
0.497;0.63;
0.497;0.63;
0.498;0.63;
0.498;0.631;
0.498;0.631;
0.498;0.63;
0.498;0.63;
0.498;0.63;
0.498;0.63;
0.499;0.63;
0.499;0.63;
0.498;0.629;
0.498;0.629;
0.498;0.63;
0.498;0.63;
0.498;0.63;
0.498;0.63;
0.498;0.63;
0.498;0.63;
0.498;0.631;
0.497;0.631;
0.497;0.631;
0.497;0.631;
0.497;0.632;
0.497;0.632;
0.497;0.632;
0.497;0.632;
0.497;0.632;
0.497;0.632;
0.496;0.632;
0.496;0.632;
0.496;0.632;
0.496;0.632;
0.496;0.633;
0.496;0.633;
0.496;0.633;
0.496;0.633;
0.496;0.633;
0.496;0.633;
0.496;0.633;
0.496;0.633;
0.496;0.633;
0.496;0.633;
0.496;0.633;
0.496;0.634;
0.496;0.634;
0.496;0.634;
0.496;0.633;
0.496;0.633;
0.496;0.632;
0.496;0.631;
0.496;0.631;
0.496;0.631;
0.497;0.63;
0.497;0.629;
0.497;0.629;
0.497;0.628;
0.497;0.628;
0.498;0.628;
0.498;0.628;
0.498;0.628;
0.499;0.628;
0.499;0.628;
0.499;0.628;
0.499;0.628;
0.499;0.628;
0.499;0.628;
0.499;0.627;
0.499;0.627;
0.499;0.627;
0.499;0.626;
0.499;0.626;
0.499;0.626;
0.499;0.625;
0.499;0.625;
0.499;0.624;
0.498;0.624;
0.498;0.624;
0.498;0.624;
0.498;0.623;
0.497;0.623;
0.497;0.623;
0.497;0.623;
0.497;0.622;
0.497;0.622;
0.497;0.622;
0.496;0.622;
0.496;0.622;
0.496;0.622;
0.496;0.623;
0.496;0.623;
0.496;0.622;
0.496;0.622;
0.496;0.621;
0.495;0.619;
0.495;0.617;
0.495;0.615;
0.495;0.612;
0.495;0.609;
0.495;0.605;
0.495;0.6;
0.495;0.595;
0.495;0.595;
0.494;0.59;
0.494;0.584;
0.494;0.58;
0.494;0.575;
0.494;0.571;
0.494;0.567;
0.494;0.563;
0.494;0.559;
0.494;0.554;
0.494;0.554;
0.494;0.55;
0.494;0.55;
0.494;0.55;
0.494;0.55;
0.494;0.55;
0.494;0.55;
0.494;0.55;
0.494;0.55;
0.494;0.55;
0.494;0.55;
0.494;0.55;
0.494;0.55;
0.494;0.55;
0.494;0.55;
0.494;0.55;
0.494;0.55;
0.494;0.55;
0.494;0.55;
0.494;0.55;
0.494;0.55;
0.494;0.55;
0.494;0.55;
0.494;0.55;
0.494;0.55;
0.494;0.55;
0.494;0.55;
0.494;0.55;
0.494;0.55;
0.493;0.498;
0.493;0.498;
0.493;0.498;
0.493;0.498;
0.492;0.498;
0.492;0.498;
0.492;0.498;
0.492;0.498;
0.492;0.498;
0.492;0.499;
0.491;0.498;
0.491;0.498;
0.491;0.498;
0.491;0.498;
0.491;0.498;
0.49;0.498;
0.49;0.498;
0.49;0.498;
0.49;0.497;
0.49;0.497;
0.489;0.496;
0.489;0.496;
0.489;0.495;
0.489;0.495;
0.489;0.494;
0.489;0.494;
0.489;0.493;
0.489;0.493;
0.489;0.493;
0.489;0.493;
0.489;0.493;
0.489;0.493;
0.489;0.493;
0.489;0.493;
0.489;0.493;
0.489;0.493;
0.489;0.493;
0.489;0.493;
0.489;0.493;
0.489;0.493;
0.488;0.493;
0.488;0.493;
0.488;0.493;
0.488;0.493;
0.487;0.493;
0.487;0.494;
0.465;0.71;
0.465;0.711;
0.465;0.711;
0.465;0.711;
0.465;0.712;
0.465;0.711;
0.464;0.711;
0.464;0.711;
0.463;0.71;
0.462;0.71;
0.461;0.709;
0.459;0.708;
0.458;0.708;
0.458;0.708;
0.457;0.707;
0.456;0.706;
0.454;0.705;
0.453;0.705;
0.451;0.704;
0.45;0.704;
0.448;0.703;
0.447;0.702;
0.445;0.702;
0.445;0.702;
0.443;0.701;
0.441;0.701;
0.44;0.701;
0.438;0.701;
0.436;0.701;
0.434;0.701;
0.432;0.701;
0.43;0.7;
0.428;0.7;
0.428;0.7;
0.426;0.7;
0.425;0.7;
0.423;0.7;
0.42;0.699;
0.418;0.698;
0.416;0.697;
0.413;0.696;
0.411;0.694;
0.409;0.693;
0.409;0.693;
0.407;0.692;
0.406;0.691;
0.404;0.691;
0.404;0.691;
0.403;0.691;
0.403;0.69;
0.403;0.69;
0.404;0.689;
0.406;0.689;
0.406;0.689;
0.409;0.688;
0.412;0.686;
0.416;0.684;
0.42;0.682;
0.424;0.681;
0.424;0.681;
0.428;0.679;
0.436;0.676;
0.441;0.675;
0.441;0.675;
0.445;0.673;
0.449;0.671;
0.453;0.669;
0.457;0.666;
0.461;0.664;
0.465;0.662;
0.468;0.661;
0.472;0.66;
0.476;0.658;
0.476;0.658;
0.479;0.657;
0.482;0.657;
0.485;0.656;
0.489;0.655;
0.492;0.654;
0.494;0.653;
0.497;0.653;
0.499;0.653;
0.501;0.653;
0.501;0.653;
0.502;0.653;
0.503;0.653;
0.504;0.653;
0.505;0.653;
0.505;0.653;
0.505;0.653;
0.505;0.653;
0.505;0.653;
0.505;0.653;
0.505;0.653;
0.504;0.653;
0.503;0.653;
0.502;0.653;
0.502;0.653;
0.501;0.652;
0.501;0.652;
0.5;0.652;
0.5;0.652;
0.499;0.652;
0.499;0.652;
0.499;0.652;
0.498;0.651;
0.497;0.651;
0.497;0.651;
0.496;0.651;
0.495;0.651;
0.494;0.651;
0.493;0.651;
0.492;0.651;
0.491;0.65;
0.491;0.65;
0.49;0.65;
0.489;0.65;
0.489;0.649;
0.488;0.649;
0.487;0.648;
0.486;0.648;
0.485;0.648;
0.484;0.648;
0.484;0.648;
0.483;0.648;
0.482;0.648;
0.482;0.648;
0.481;0.648;
0.481;0.649;
0.481;0.649;
0.48;0.649;
0.48;0.649;
0.479;0.649;
0.479;0.649;
0.479;0.649;
0.479;0.648;
0.479;0.648;
0.479;0.647;
0.48;0.646;
0.48;0.646;
0.48;0.646;
0.48;0.646;
0.48;0.646;
0.48;0.646;
0.48;0.646;
0.48;0.646;
0.48;0.645;
0.48;0.645;
0.479;0.646;
0.479;0.646;
0.479;0.646;
0.479;0.646;
0.478;0.646;
0.478;0.646;
0.478;0.646;
0.477;0.646;
0.476;0.646;
0.475;0.645;
0.473;0.645;
0.472;0.645;
0.471;0.645;
0.47;0.646;
0.469;0.647;
0.467;0.647;
0.467;0.647;
0.466;0.647;
0.465;0.647;
0.464;0.647;
0.463;0.646;
0.462;0.646;
0.462;0.645;
0.461;0.645;
0.461;0.644;
0.461;0.643;
0.461;0.643;
0.461;0.643;
0.461;0.642;
0.461;0.641;
0.461;0.641;
0.461;0.64;
0.461;0.64;
0.462;0.64;
0.462;0.639;
0.463;0.639;
0.463;0.639;
0.463;0.639;
0.463;0.638;
0.464;0.638;
0.464;0.637;
0.464;0.636;
0.464;0.635;
0.464;0.634;
0.464;0.633;
0.464;0.632;
0.464;0.632;
0.464;0.631;
0.464;0.631;
0.463;0.631;
0.463;0.63;
0.463;0.63;
0.462;0.629;
0.462;0.629;
0.462;0.628;
0.462;0.627;
0.462;0.627;
0.461;0.626;
0.461;0.624;
0.461;0.623;
0.461;0.622;
0.461;0.62;
0.461;0.618;
0.461;0.617;
0.46;0.616;
0.46;0.616;
0.46;0.614;
0.46;0.614;
0.46;0.613;
0.46;0.612;
0.46;0.611;
0.46;0.61;
0.459;0.609;
0.459;0.608;
0.459;0.608;
0.459;0.608;
0.459;0.608;
0.459;0.608;
0.459;0.607;
0.459;0.607;
0.459;0.607;
0.46;0.606;
0.46;0.606;
0.46;0.606;
0.46;0.606;
0.46;0.606;
0.46;0.606;
0.46;0.606;
0.46;0.606;
0.46;0.606;
0.46;0.606;
0.46;0.606;
0.46;0.606;
0.46;0.606;
0.46;0.606;
0.46;0.606;
0.46;0.606;
0.46;0.606;
0.46;0.606;
0.46;0.606;
0.46;0.606;
0.46;0.606;
0.46;0.606;
0.46;0.606;
0.46;0.606;
0.46;0.606;
0.46;0.606;
0.46;0.606;
0.46;0.606;
0.46;0.606;
0.46;0.606;
0.454;0.62;
0.454;0.622;
0.453;0.626;
0.452;0.628;
0.451;0.629;
0.451;0.629;
0.451;0.63;
0.451;0.631;
0.45;0.632;
0.45;0.632;
0.45;0.632;
0.45;0.632;
0.45;0.632;
0.45;0.632;
0.45;0.632;
0.45;0.632;
0.45;0.632;
0.45;0.633;
0.45;0.633;
0.45;0.634;
0.451;0.634;
0.451;0.634;
0.451;0.634;
0.451;0.634;
0.451;0.633;
0.451;0.633;
0.452;0.633;
0.452;0.632;
0.452;0.632;
0.452;0.632;
0.452;0.632;
0.166;0.25;
0.165;0.249;
0.164;0.248;
0.164;0.247;
0.163;0.247;
0.163;0.247;
0.163;0.247;
0.163;0.247;
0.163;0.248;
0.163;0.248;
0.163;0.25;
0.163;0.251;
0.163;0.253;
0.164;0.255;
0.164;0.257;
0.164;0.257;
0.164;0.259;
0.165;0.262;
0.165;0.264;
0.165;0.267;
0.166;0.27;
0.166;0.273;
0.166;0.276;
0.166;0.279;
0.167;0.284;
0.167;0.284;
0.167;0.288;
0.168;0.295;
0.168;0.301;
0.169;0.309;
0.17;0.317;
0.171;0.324;
0.171;0.331;
0.172;0.338;
0.172;0.345;
0.172;0.345;
0.173;0.351;
0.173;0.358;
0.174;0.363;
0.175;0.369;
0.176;0.373;
0.177;0.378;
0.178;0.381;
0.179;0.383;
0.179;0.386;
0.179;0.386;
0.18;0.387;
0.181;0.389;
0.181;0.39;
0.182;0.391;
0.183;0.392;
0.184;0.393;
0.184;0.393;
0.185;0.394;
0.185;0.394;
0.185;0.394;
0.186;0.395;
0.186;0.395;
0.187;0.395;
0.187;0.395;
0.187;0.394;
0.188;0.394;
0.187;0.393;
0.187;0.392;
0.187;0.392;
0.187;0.392;
0.187;0.392;
0.187;0.391;
0.187;0.391;
0.188;0.39;
0.188;0.39;
0.187;0.389;
0.187;0.389;
0.187;0.388;
0.188;0.388;
0.188;0.388;
0.188;0.388;
0.188;0.388;
0.188;0.388;
0.188;0.388;
0.189;0.388;
0.189;0.389;
0.189;0.39;
0.19;0.39;
0.19;0.391;
0.19;0.391;
0.19;0.392;
0.191;0.392;
0.192;0.392;
0.193;0.393;
0.193;0.393;
0.194;0.394;
0.195;0.394;
0.196;0.395;
0.197;0.395;
0.197;0.395;
0.198;0.395;
0.2;0.396;
0.201;0.397;
0.202;0.397;
0.203;0.398;
0.204;0.398;
0.206;0.399;
0.207;0.4;
0.208;0.4;
0.208;0.4;
0.209;0.401;
0.211;0.401;
0.212;0.402;
0.214;0.402;
0.216;0.402;
0.218;0.403;
0.22;0.403;
0.222;0.403;
0.224;0.403;
0.224;0.403;
0.226;0.403;
0.227;0.403;
0.229;0.403;
0.231;0.403;
0.232;0.404;
0.234;0.404;
0.235;0.404;
0.236;0.404;
0.236;0.404;
0.236;0.404;
0.237;0.404;
0.237;0.404;
0.237;0.404;
0.237;0.404;
0.237;0.404;
0.236;0.404;
0.236;0.403;
0.236;0.403;
0.235;0.403;
0.235;0.403;
0.235;0.403;
0.234;0.403;
0.233;0.403;
0.233;0.403;
0.232;0.404;
0.231;0.404;
0.23;0.404;
0.229;0.405;
0.228;0.405;
0.227;0.405;
0.227;0.405;
0.227;0.405;
0.227;0.405;
0.227;0.405;
0.227;0.405;
0.227;0.405;
0.227;0.405;
0.227;0.405;
0.227;0.405;
0.227;0.405;
0.227;0.405;
0.227;0.405;
0.227;0.405;
0.227;0.405;
0.227;0.405;
0.227;0.405;
0.227;0.405;
0.227;0.405;
0.227;0.405;
0.227;0.405;
0.227;0.405;
0.227;0.405;
0.227;0.405;
0.227;0.405;
0.209;0.399;
0.209;0.398;
0.209;0.397;
0.209;0.396;
0.209;0.396;
0.208;0.395;
0.208;0.395;
0.208;0.395;
0.207;0.395;
0.207;0.395;
0.206;0.396;
0.206;0.396;
0.206;0.397;
0.206;0.398;
0.206;0.399;
0.206;0.399;
0.205;0.4;
0.205;0.4;
0.205;0.4;
0.205;0.4;
0.205;0.4;
0.205;0.4;
0.205;0.399;
0.205;0.399;
0.205;0.399;
0.205;0.398;
0.205;0.398;
0.205;0.398;
0.205;0.397;
0.205;0.397;
0.206;0.396;
0.206;0.396;
0.206;0.396;
0.207;0.396;
0.207;0.396;
0.207;0.397;
0.207;0.397;
0.208;0.397;
0.208;0.397;
0.209;0.397;
0.209;0.396;
0.21;0.396;
0.21;0.396;
0.211;0.396;
0.211;0.396;
0.211;0.395;
0.211;0.395;
0.212;0.395;
0.212;0.395;
0.212;0.395;
0.212;0.395;
0.172;0.413;
0.172;0.413;
0.173;0.413;
0.173;0.412;
0.173;0.412;
0.174;0.411;
0.174;0.411;
0.174;0.41;
0.174;0.41;
0.174;0.409;
0.174;0.408;
0.173;0.407;
0.173;0.406;
0.173;0.405;
0.173;0.404;
0.173;0.404;
0.173;0.404;
0.173;0.403;
0.173;0.403;
0.173;0.403;
0.172;0.403;
0.172;0.403;
0.171;0.403;
0.171;0.403;
0.17;0.402;
0.17;0.402;
0.169;0.401;
0.168;0.401;
0.168;0.401;
0.167;0.401;
0.166;0.4;
0.165;0.4;
0.164;0.4;
0.163;0.399;
0.162;0.399;
0.161;0.4;
0.16;0.4;
0.159;0.402;
0.159;0.402;
0.158;0.403;
0.157;0.404;
0.156;0.405;
0.155;0.405;
0.153;0.406;
0.152;0.406;
0.151;0.406;
0.15;0.406;
0.149;0.406;
0.149;0.406;
0.148;0.406;
0.147;0.406;
0.147;0.407;
0.146;0.407;
0.146;0.408;
0.145;0.409;
0.145;0.409;
0.145;0.41;
0.145;0.411;
0.145;0.411;
0.145;0.411;
0.145;0.411;
0.145;0.412;
0.145;0.412;
0.144;0.412;
0.144;0.412;
0.144;0.413;
0.144;0.413;
0.144;0.413;
0.144;0.413;
0.143;0.412;
0.143;0.412;
0.143;0.412;
0.142;0.412;
0.142;0.413;
0.142;0.413;
0.141;0.414;
0.141;0.414;
0.141;0.415;
0.141;0.415;
0.141;0.415;
0.14;0.416;
0.14;0.416;
0.14;0.416;
0.14;0.416;
0.14;0.416;
0.14;0.416;
0.141;0.416;
0.141;0.416;
0.141;0.416;
0.141;0.415;
0.141;0.415;
0.141;0.414;
0.142;0.413;
0.142;0.413;
0.142;0.412;
0.143;0.411;
0.143;0.411;
0.143;0.411;
0.143;0.411;
0.144;0.411;
0.144;0.411;
0.145;0.41;
0.145;0.41;
0.145;0.41;
0.146;0.41;
0.146;0.409;
0.146;0.409;
0.147;0.408;
0.147;0.408;
0.147;0.408;
0.147;0.407;
0.148;0.407;
0.148;0.407;
0.148;0.406;
0.149;0.406;
0.149;0.406;
0.149;0.407;
0.149;0.407;
0.149;0.407;
0.149;0.408;
0.15;0.408;
0.15;0.408;
0.15;0.408;
0.15;0.409;
0.15;0.409;
0.151;0.408;
0.151;0.408;
0.151;0.407;
0.151;0.407;
0.151;0.407;
0.15;0.406;
0.151;0.405;
0.151;0.405;
0.151;0.404;
0.151;0.404;
0.151;0.404;
0.152;0.404;
0.152;0.404;
0.152;0.404;
0.152;0.404;
0.153;0.404;
0.153;0.405;
0.153;0.404;
0.154;0.404;
0.154;0.404;
0.154;0.403;
0.154;0.402;
0.155;0.402;
0.155;0.402;
0.155;0.401;
0.155;0.4;
0.155;0.401;
0.155;0.401;
0.156;0.401;
0.156;0.401;
0.156;0.402;
0.156;0.402;
0.156;0.403;
0.156;0.403;
0.156;0.403;
0.156;0.402;
0.156;0.402;
0.156;0.402;
0.156;0.401;
0.156;0.401;
0.156;0.4;
0.156;0.4;
0.156;0.4;
0.156;0.4;
0.156;0.4;
0.156;0.4;
0.156;0.4;
0.156;0.4;
0.157;0.4;
0.157;0.401;
0.157;0.401;
0.157;0.401;
0.158;0.402;
0.158;0.402;
0.158;0.402;
0.158;0.402;
0.158;0.401;
0.158;0.401;
0.158;0.401;
0.158;0.401;
0.159;0.401;
0.159;0.401;
0.159;0.401;
0.159;0.402;
0.159;0.402;
0.159;0.402;
0.159;0.403;
0.159;0.403;
0.159;0.404;
0.159;0.404;
0.159;0.404;
0.158;0.404;
0.158;0.403;
0.158;0.403;
0.158;0.403;
0.158;0.402;
0.158;0.402;
0.158;0.401;
0.158;0.401;
0.158;0.401;
0.159;0.401;
0.159;0.401;
0.159;0.401;
0.159;0.401;
0.159;0.401;
0.159;0.401;
0.159;0.401;
0.159;0.401;
0.159;0.401;
0.159;0.401;
0.159;0.401;
0.159;0.401;
0.159;0.4;
0.16;0.4;
0.16;0.4;
0.16;0.4;
0.16;0.4;
0.16;0.4;
0.16;0.401;
0.16;0.401;
0.16;0.402;
0.16;0.402;
0.16;0.403;
0.16;0.403;
0.16;0.403;
0.16;0.403;
0.16;0.402;
0.16;0.401;
0.16;0.401;
0.159;0.4;
0.159;0.399;
0.159;0.399;
0.159;0.399;
0.159;0.399;
0.159;0.399;
0.159;0.399;
0.159;0.399;
0.159;0.399;
0.159;0.399;
0.159;0.399;
0.159;0.399;
0.159;0.399;
0.159;0.399;
0.159;0.399;
0.159;0.399;
0.159;0.399;
0.159;0.399;
0.159;0.399;
0.159;0.399;
0.159;0.399;
0.159;0.399;
0.159;0.399;
0.159;0.399;
0.159;0.399;
0.159;0.399;
0.159;0.399;
0.159;0.399;
0.159;0.399;
0.159;0.399;
0.159;0.399;
0.159;0.399;
0.159;0.399;
0.159;0.399;
0.159;0.399;
0.16;0.401;
0.16;0.4;
0.16;0.4;
0.16;0.4;
0.16;0.4;
0.16;0.4;
0.16;0.401;
0.16;0.401;
0.16;0.401;
0.16;0.401;
0.16;0.401;
0.16;0.401;
0.16;0.401;
0.16;0.4;
0.16;0.4;
0.16;0.4;
0.16;0.4;
0.16;0.4;
0.16;0.4;
0.16;0.4;
0.16;0.4;
0.16;0.4;
0.16;0.4;
0.16;0.4;
0.16;0.4;
0.16;0.4;
0.16;0.4;
0.16;0.4;
0.16;0.4;
0.16;0.4;
0.16;0.4;
0.159;0.399;
0.159;0.399;
0.159;0.399;
0.159;0.398;
0.159;0.398;
0.159;0.398;
0.159;0.398;
0.159;0.398;
0.159;0.398;
0.159;0.398;
0.16;0.398;
0.16;0.399;
0.16;0.399;
0.16;0.399;
0.16;0.399;
0.16;0.399;
0.887;0.475;
0.888;0.476;
0.888;0.476;
0.889;0.478;
0.889;0.478;
0.89;0.479;
0.891;0.48;
0.893;0.481;
0.895;0.482;
0.896;0.483;
0.898;0.484;
0.899;0.486;
0.901;0.487;
0.902;0.488;
0.902;0.488;
0.904;0.489;
0.905;0.49;
0.906;0.492;
0.908;0.493;
0.909;0.495;
0.91;0.496;
0.911;0.497;
0.913;0.497;
0.914;0.498;
0.914;0.498;
0.914;0.498;
0.915;0.498;
0.915;0.498;
0.918;0.497;
0.919;0.497;
0.92;0.496;
0.921;0.495;
0.922;0.494;
0.923;0.493;
0.923;0.493;
0.924;0.492;
0.925;0.492;
0.925;0.491;
0.926;0.49;
0.926;0.489;
0.927;0.488;
0.927;0.487;
0.928;0.487;
0.928;0.487;
0.928;0.487;
0.929;0.486;
0.929;0.486;
0.929;0.486;
0.93;0.485;
0.929;0.485;
0.929;0.486;
0.929;0.486;
0.929;0.486;
0.929;0.486;
0.929;0.486;
0.929;0.487;
0.929;0.487;
0.929;0.488;
0.929;0.488;
0.929;0.488;
0.929;0.489;
0.928;0.489;
0.928;0.489;
0.928;0.489;
0.928;0.489;
0.928;0.488;
0.928;0.488;
0.928;0.488;
0.928;0.488;
0.928;0.488;
0.928;0.488;
0.927;0.488;
0.927;0.487;
0.927;0.487;
0.927;0.487;
0.926;0.487;
0.926;0.486;
0.926;0.486;
0.926;0.485;
0.925;0.485;
0.925;0.484;
0.925;0.482;
0.926;0.481;
0.926;0.48;
0.926;0.48;
0.926;0.478;
0.927;0.476;
0.927;0.474;
0.928;0.472;
0.929;0.471;
0.93;0.469;
0.931;0.468;
0.932;0.467;
0.933;0.466;
0.933;0.466;
0.934;0.465;
0.934;0.463;
0.935;0.462;
0.936;0.459;
0.936;0.457;
0.937;0.454;
0.938;0.452;
0.938;0.45;
0.938;0.45;
0.938;0.447;
0.938;0.445;
0.938;0.443;
0.938;0.442;
0.938;0.44;
0.938;0.438;
0.938;0.436;
0.938;0.435;
0.938;0.434;
0.938;0.433;
0.938;0.433;
0.938;0.432;
0.938;0.432;
0.938;0.432;
0.938;0.431;
0.938;0.431;
0.938;0.431;
0.938;0.431;
0.938;0.431;
0.938;0.431;
0.938;0.431;
0.938;0.431;
0.938;0.431;
0.938;0.431;
0.938;0.43;
0.939;0.43;
0.939;0.43;
0.94;0.43;
0.94;0.43;
0.941;0.43;
0.941;0.43;
0.941;0.429;
0.941;0.429;
0.942;0.429;
0.942;0.429;
0.942;0.429;
0.943;0.429;
0.943;0.429;
0.943;0.429;
0.943;0.429;
0.943;0.429;
0.943;0.429;
0.943;0.429;
0.943;0.429;
0.943;0.429;
0.942;0.429;
0.942;0.429;
0.942;0.429;
0.942;0.429;
0.942;0.429;
0.942;0.429;
0.942;0.429;
0.942;0.429;
0.942;0.429;
0.942;0.429;
0.942;0.429;
0.942;0.429;
0.942;0.429;
0.943;0.428;
0.943;0.428;
0.943;0.428;
0.943;0.428;
0.943;0.428;
0.943;0.427;
0.943;0.427;
0.943;0.427;
0.943;0.428;
0.943;0.428;
0.944;0.428;
0.944;0.428;
0.944;0.428;
0.944;0.429;
0.944;0.429;
0.944;0.429;
0.943;0.429;
0.943;0.428;
0.943;0.428;
0.942;0.428;
0.942;0.428;
0.942;0.428;
0.942;0.428;
0.942;0.428;
0.942;0.427;
0.942;0.427;
0.942;0.427;
0.942;0.427;
0.942;0.427;
0.942;0.427;
0.942;0.427;
0.942;0.427;
0.942;0.427;
0.942;0.427;
0.942;0.427;
0.942;0.427;
0.942;0.427;
0.942;0.427;
0.942;0.427;
0.942;0.427;
0.942;0.427;
0.942;0.427;
0.942;0.427;
0.942;0.427;
0.942;0.427;
0.942;0.427;
0.942;0.427;
0.941;0.427;
0.941;0.428;
0.941;0.428;
0.94;0.428;
0.94;0.428;
0.94;0.428;
0.94;0.428;
0.94;0.428;
0.94;0.428;
0.94;0.428;
0.94;0.428;
0.94;0.428;
0.94;0.428;
0.94;0.428;
0.94;0.428;
0.94;0.428;
0.94;0.428;
0.94;0.427;
0.94;0.427;
0.94;0.427;
0.94;0.427;
0.94;0.427;
0.94;0.427;
0.94;0.427;
0.94;0.426;
0.94;0.426;
0.94;0.426;
0.94;0.426;
0.94;0.426;
0.94;0.426;
0.94;0.426;
0.94;0.426;
0.94;0.426;
0.94;0.426;
0.94;0.426;
0.94;0.425;
0.94;0.425;
0.94;0.425;
0.94;0.425;
0.94;0.425;
0.94;0.424;
0.186;0.578;
0.185;0.578;
0.184;0.577;
0.183;0.577;
0.183;0.576;
0.183;0.576;
0.182;0.575;
0.182;0.575;
0.182;0.575;
0.181;0.574;
0.181;0.574;
0.181;0.574;
0.181;0.574;
0.181;0.574;
0.181;0.574;
0.181;0.573;
0.181;0.573;
0.18;0.572;
0.18;0.572;
0.18;0.572;
0.18;0.572;
0.181;0.571;
0.181;0.571;
0.181;0.571;
0.181;0.571;
0.182;0.571;
0.182;0.571;
0.183;0.571;
0.183;0.571;
0.184;0.571;
0.186;0.571;
0.187;0.571;
0.189;0.571;
0.191;0.571;
0.193;0.571;
0.195;0.571;
0.197;0.572;
0.199;0.572;
0.199;0.572;
0.201;0.572;
0.203;0.572;
0.205;0.571;
0.207;0.571;
0.209;0.571;
0.21;0.572;
0.211;0.572;
0.213;0.571;
0.214;0.571;
0.214;0.571;
0.216;0.57;
0.217;0.57;
0.218;0.569;
0.219;0.568;
0.219;0.568;
0.219;0.568;
0.219;0.568;
0.219;0.568;
0.219;0.569;
0.219;0.569;
0.219;0.569;
0.219;0.569;
0.219;0.568;
0.219;0.568;
0.219;0.568;
0.219;0.567;
0.219;0.567;
0.219;0.566;
0.218;0.566;
0.218;0.565;
0.218;0.565;
0.218;0.565;
0.217;0.564;
0.217;0.564;
0.216;0.564;
0.216;0.563;
0.215;0.563;
0.215;0.562;
0.214;0.562;
0.214;0.562;
0.213;0.561;
0.212;0.56;
0.211;0.56;
0.21;0.56;
0.209;0.56;
0.208;0.56;
0.206;0.56;
0.205;0.56;
0.204;0.561;
0.203;0.561;
0.203;0.561;
0.202;0.562;
0.2;0.563;
0.199;0.564;
0.198;0.565;
0.197;0.566;
0.196;0.567;
0.195;0.568;
0.194;0.569;
0.194;0.57;
0.194;0.57;
0.193;0.571;
0.193;0.571;
0.192;0.572;
0.192;0.572;
0.192;0.573;
0.192;0.573;
0.193;0.574;
0.193;0.574;
0.193;0.573;
0.193;0.573;
0.194;0.573;
0.194;0.573;
0.195;0.573;
0.195;0.572;
0.196;0.572;
0.197;0.571;
0.198;0.571;
0.198;0.57;
0.199;0.57;
0.199;0.57;
0.199;0.569;
0.2;0.569;
0.2;0.568;
0.201;0.568;
0.202;0.568;
0.203;0.568;
0.203;0.568;
0.204;0.568;
0.204;0.568;
0.204;0.568;
0.205;0.568;
0.205;0.568;
0.206;0.568;
0.206;0.568;
0.207;0.567;
0.207;0.567;
0.207;0.566;
0.207;0.565;
0.207;0.565;
0.207;0.565;
0.207;0.565;
0.207;0.564;
0.207;0.564;
0.207;0.565;
0.207;0.565;
0.207;0.565;
0.207;0.565;
0.207;0.566;
0.207;0.566;
0.207;0.566;
0.207;0.566;
0.207;0.566;
0.207;0.566;
0.208;0.566;
0.208;0.566;
0.208;0.566;
0.208;0.566;
0.209;0.566;
0.209;0.566;
0.209;0.566;
0.209;0.566;
0.209;0.566;
0.209;0.566;
0.209;0.566;
0.209;0.566;
0.209;0.566;
0.209;0.566;
0.209;0.566;
0.209;0.566;
0.209;0.566;
0.209;0.566;
0.213;0.561;
0.214;0.561;
0.214;0.561;
0.214;0.561;
0.214;0.561;
0.215;0.562;
0.215;0.562;
0.215;0.562;
0.215;0.562;
0.216;0.562;
0.216;0.562;
0.216;0.562;
0.216;0.562;
0.217;0.562;
0.217;0.562;
0.216;0.562;
0.216;0.562;
0.216;0.562;
0.216;0.562;
0.216;0.562;
0.216;0.562;
0.216;0.563;
0.216;0.564;
0.216;0.565;
0.216;0.565;
0.216;0.566;
0.216;0.566;
0.216;0.567;
0.216;0.567;
0.216;0.567;
0.216;0.567;
0.216;0.568;
0.216;0.568;
0.216;0.568;
0.216;0.569;
0.217;0.569;
0.217;0.569;
0.217;0.569;
0.217;0.569;
0.217;0.569;
0.218;0.569;
0.218;0.569;
0.218;0.569;
0.219;0.569;
0.219;0.569;
0.219;0.568;
0.22;0.568;
0.22;0.568;
0.22;0.568;
0.22;0.568;
0.221;0.568;
0.221;0.568;
0.221;0.568;
0.222;0.568;
0.222;0.568;
0.222;0.567;
0.222;0.568;
0.222;0.568;
0.222;0.568;
0.222;0.567;
0.222;0.567;
0.222;0.567;
0.222;0.567;
0.222;0.567;
0.222;0.567;
0.222;0.567;
0.222;0.567;
0.222;0.567;
0.222;0.567;
0.222;0.566;
0.221;0.567;
0.221;0.567;
0.221;0.567;
0.221;0.568;
0.221;0.568;
0.221;0.568;
0.221;0.569;
0.221;0.569;
0.221;0.569;
0.221;0.57;
0.221;0.57;
0.221;0.571;
0.221;0.571;
0.222;0.57;
0.221;0.57;
0.222;0.57;
0.221;0.57;
0.221;0.571;
0.221;0.571;
0.222;0.571;
0.222;0.571;
0.222;0.571;
0.222;0.571;
0.222;0.571;
0.222;0.571;
0.222;0.571;
0.222;0.57;
0.222;0.57;
0.222;0.57;
0.222;0.57;
0.222;0.57;
0.222;0.57;
0.222;0.569;
0.222;0.569;
0.222;0.569;
0.222;0.569;
0.222;0.569;
0.222;0.569;
0.222;0.569;
0.222;0.57;
0.222;0.57;
0.222;0.57;
0.222;0.57;
0.222;0.57;
0.222;0.57;
0.222;0.57;
0.222;0.57;
0.222;0.57;
0.222;0.57;
0.222;0.571;
0.222;0.571;
0.221;0.572;
0.221;0.572;
0.221;0.572;
0.221;0.573;
0.221;0.573;
0.222;0.573;
0.222;0.574;
0.222;0.574;
0.222;0.575;
0.222;0.576;
0.222;0.577;
0.222;0.578;
0.221;0.579;
0.222;0.58;
0.221;0.582;
0.221;0.583;
0.221;0.585;
0.221;0.585;
0.221;0.588;
0.221;0.59;
0.221;0.593;
0.221;0.596;
0.221;0.6;
0.221;0.604;
0.221;0.609;
0.222;0.615;
0.222;0.62;
0.222;0.62;
0.222;0.626;
0.223;0.632;
0.224;0.638;
0.225;0.644;
0.225;0.65;
0.226;0.656;
0.227;0.662;
0.228;0.667;
0.228;0.673;
0.229;0.677;
0.229;0.677;
0.23;0.681;
0.231;0.685;
0.232;0.687;
0.234;0.69;
0.236;0.691;
0.238;0.692;
0.239;0.692;
0.242;0.692;
0.245;0.691;
0.245;0.691;
0.249;0.691;
0.253;0.69;
0.257;0.689;
0.262;0.688;
0.267;0.688;
0.272;0.688;
0.278;0.687;
0.283;0.687;
0.288;0.688;
0.288;0.688;
0.294;0.688;
0.299;0.688;
0.304;0.689;
0.309;0.689;
0.313;0.69;
0.317;0.691;
0.321;0.692;
0.324;0.693;
0.327;0.693;
0.327;0.693;
0.329;0.695;
0.331;0.696;
0.333;0.697;
0.334;0.698;
0.336;0.7;
0.337;0.702;
0.338;0.704;
0.339;0.706;
0.34;0.708;
0.34;0.708;
0.341;0.71;
0.342;0.711;
0.343;0.713;
0.344;0.714;
0.344;0.715;
0.345;0.716;
0.345;0.716;
0.346;0.717;
0.347;0.717;
0.347;0.717;
0.347;0.717;
0.348;0.718;
0.349;0.718;
0.35;0.718;
0.35;0.719;
0.351;0.719;
0.351;0.719;
0.351;0.719;
0.351;0.719;
0.351;0.719;
0.351;0.719;
0.353;0.718;
0.353;0.718;
0.353;0.718;
0.354;0.717;
0.354;0.717;
0.354;0.717;
0.354;0.716;
0.354;0.716;
0.354;0.716;
0.354;0.715;
0.354;0.715;
0.354;0.715;
0.354;0.715;
0.354;0.714;
0.354;0.715;
0.354;0.715;
0.354;0.715;
0.354;0.715;
0.354;0.715;
0.354;0.714;
0.354;0.714;
0.354;0.714;
0.354;0.714;
0.354;0.713;
0.354;0.713;
0.354;0.714;
0.354;0.714;
0.354;0.714;
0.354;0.714;
0.354;0.714;
0.355;0.713;
0.355;0.713;
0.355;0.713;
0.355;0.712;
0.355;0.712;
0.355;0.712;
0.355;0.712;
0.356;0.712;
0.356;0.712;
0.356;0.712;
0.356;0.712;
0.356;0.712;
0.356;0.712;
0.356;0.712;
0.356;0.712;
0.356;0.712;
0.356;0.712;
0.356;0.712;
0.356;0.712;
0.356;0.712;
0.356;0.712;
0.356;0.712;
0.356;0.712;
0.356;0.712;
0.356;0.711;
0.356;0.711;
0.356;0.712;
0.356;0.712;
0.356;0.712;
0.356;0.712;
0.356;0.712;
0.356;0.712;
0.356;0.712;
0.356;0.712;
0.357;0.712;
0.357;0.712;
0.357;0.712;
0.357;0.712;
0.357;0.712;
0.357;0.712;
0.358;0.712;
0.358;0.712;
0.358;0.711;
0.358;0.711;
0.358;0.71;
0.358;0.71;
0.359;0.71;
0.359;0.71;
0.359;0.71;
0.359;0.71;
0.359;0.71;
0.36;0.71;
0.36;0.71;
0.36;0.71;
0.361;0.709;
0.361;0.709;
0.361;0.709;
0.361;0.709;
0.361;0.709;
0.361;0.708;
0.362;0.708;
0.362;0.708;
0.362;0.707;
0.362;0.707;
0.362;0.707;
0.362;0.706;
0.362;0.706;
0.362;0.706;
0.362;0.706;
0.362;0.706;
0.362;0.706;
0.362;0.706;
0.362;0.706;
0.362;0.706;
0.362;0.706;
0.363;0.705;
0.363;0.705;
0.363;0.705;
0.363;0.705;
0.363;0.706;
0.363;0.706;
0.363;0.706;
0.363;0.706;
0.363;0.706;
0.363;0.706;
0.363;0.706;
0.364;0.706;
0.364;0.706;
0.364;0.706;
0.364;0.705;
0.364;0.705;
0.364;0.705;
0.364;0.705;
0.364;0.705;
0.364;0.705;
0.364;0.705;
0.364;0.705;
0.365;0.704;
0.365;0.704;
0.365;0.704;
0.365;0.704;
0.365;0.704;
0.365;0.704;
0.365;0.704;
0.365;0.704;
0.364;0.703;
0.364;0.703;
0.364;0.703;
0.364;0.703;
0.364;0.702;
0.364;0.702;
0.364;0.702;
0.364;0.702;
0.364;0.702;
0.364;0.702;
0.364;0.702;
0.364;0.702;
0.364;0.701;
0.364;0.701;
0.364;0.701;
0.364;0.701;
0.364;0.701;
0.364;0.701;
0.364;0.701;
0.364;0.7;
0.364;0.7;
0.432;0.765;
0.432;0.765;
0.432;0.765;
0.431;0.765;
0.431;0.764;
0.431;0.764;
0.431;0.763;
0.43;0.762;
0.43;0.761;
0.43;0.761;
0.43;0.759;
0.43;0.758;
0.43;0.756;
0.43;0.754;
0.43;0.753;
0.43;0.752;
0.43;0.751;
0.43;0.75;
0.43;0.748;
0.43;0.748;
0.43;0.748;
0.43;0.747;
0.431;0.747;
0.431;0.746;
0.431;0.746;
0.431;0.746;
0.431;0.745;
0.432;0.745;
0.432;0.744;
0.432;0.744;
0.432;0.744;
0.432;0.743;
0.432;0.743;
0.432;0.742;
0.432;0.742;
0.431;0.742;
0.431;0.742;
0.431;0.74;
0.431;0.74;
0.43;0.739;
0.43;0.739;
0.43;0.739;
0.43;0.738;
0.429;0.736;
0.079;0.096;
0.08;0.095;
0.08;0.094;
0.08;0.093;
0.08;0.092;
0.08;0.092;
0.08;0.091;
0.08;0.09;
0.08;0.089;
0.08;0.089;
0.08;0.089;
0.08;0.089;
0.08;0.089;
0.08;0.089;
0.08;0.089;
0.08;0.089;
0.08;0.088;
0.079;0.088;
0.079;0.088;
0.079;0.087;
0.079;0.087;
0.079;0.086;
0.078;0.085;
0.078;0.085;
0.077;0.084;
0.077;0.084;
0.077;0.084;
0.076;0.083;
0.076;0.083;
0.076;0.083;
0.076;0.083;
0.076;0.083;
0.076;0.083;
0.076;0.083;
0.075;0.083;
0.075;0.083;
0.076;0.083;
0.076;0.084;
0.076;0.084;
0.077;0.085;
0.077;0.085;
0.077;0.086;
0.078;0.086;
0.078;0.087;
0.078;0.087;
0.078;0.087;
0.079;0.087;
0.079;0.087;
0.08;0.087;
0.081;0.087;
0.081;0.087;
0.082;0.088;
0.082;0.088;
0.083;0.088;
0.084;0.089;
0.084;0.089;
0.084;0.09;
0.085;0.09;
0.085;0.09;
0.085;0.09;
0.086;0.09;
0.086;0.09;
0.087;0.089;
0.087;0.089;
0.087;0.089;
0.087;0.089;
0.088;0.089;
0.088;0.09;
0.089;0.09;
0.089;0.09;
0.089;0.09;
0.089;0.09;
0.09;0.09;
0.09;0.089;
0.09;0.088;
0.09;0.088;
0.09;0.088;
0.09;0.087;
0.091;0.087;
0.091;0.086;
0.091;0.086;
0.091;0.086;
0.091;0.086;
0.091;0.086;
0.091;0.086;
0.091;0.086;
0.092;0.086;
0.092;0.086;
0.092;0.087;
0.092;0.087;
0.092;0.087;
0.092;0.087;
0.092;0.087;
0.092;0.087;
0.092;0.087;
0.092;0.087;
0.091;0.088;
0.091;0.088;
0.091;0.088;
0.092;0.087;
0.092;0.087;
0.092;0.087;
0.093;0.087;
0.093;0.087;
0.094;0.088;
0.094;0.088;
0.094;0.088;
0.094;0.088;
0.094;0.089;
0.095;0.089;
0.095;0.09;
0.095;0.09;
0.095;0.09;
0.095;0.091;
0.096;0.091;
0.096;0.091;
0.096;0.092;
0.096;0.092;
0.095;0.092;
0.095;0.093;
0.095;0.093;
0.095;0.093;
0.094;0.092;
0.094;0.092;
0.093;0.091;
0.093;0.091;
0.093;0.091;
0.093;0.09;
0.093;0.09;
0.093;0.09;
0.093;0.09;
0.093;0.09;
0.093;0.09;
0.093;0.09;
0.093;0.09;
0.093;0.09;
0.093;0.09;
0.093;0.09;
0.093;0.09;
0.093;0.09;
0.088;0.09;
0.088;0.09;
0.088;0.089;
0.089;0.089;
0.089;0.089;
0.089;0.089;
0.088;0.089;
0.088;0.09;
0.088;0.09;
0.088;0.091;
0.088;0.092;
0.088;0.092;
0.088;0.093;
0.089;0.093;
0.089;0.093;
0.089;0.093;
0.089;0.094;
0.089;0.094;
0.089;0.093;
0.089;0.093;
0.088;0.093;
0.088;0.093;
0.088;0.093;
0.089;0.093;
0.089;0.093;
0.089;0.093;
0.089;0.093;
0.088;0.093;
0.088;0.093;
0.088;0.093;
0.089;0.093;
0.088;0.093;
0.088;0.093;
0.088;0.094;
0.088;0.094;
0.088;0.094;
0.088;0.094;
0.088;0.094;
0.088;0.094;
0.088;0.094;
0.088;0.094;
0.089;0.094;
0.089;0.094;
0.089;0.094;
0.089;0.094;
0.089;0.094;
0.089;0.094;
0.089;0.094;
0.089;0.094;
0.089;0.094;
0.089;0.095;
0.089;0.095;
0.09;0.095;
0.09;0.096;
0.091;0.096;
0.091;0.096;
0.091;0.097;
0.092;0.098;
0.092;0.098;
0.092;0.098;
0.092;0.098;
0.093;0.098;
0.093;0.098;
0.093;0.098;
0.093;0.098;
0.093;0.098;
0.093;0.098;
0.093;0.098;
0.093;0.098;
0.093;0.098;
0.093;0.098;
0.093;0.098;
0.093;0.098;
0.093;0.098;
0.093;0.098;
0.093;0.098;
0.092;0.098;
0.092;0.099;
0.092;0.099;
0.092;0.099;
0.093;0.099;
0.093;0.099;
0.093;0.1;
0.093;0.1;
0.094;0.1;
0.094;0.1;
0.094;0.101;
0.095;0.101;
0.117;0.459;
0.116;0.458;
0.116;0.458;
0.115;0.457;
0.115;0.456;
0.115;0.456;
0.114;0.454;
0.114;0.453;
0.113;0.451;
0.113;0.45;
0.112;0.449;
0.111;0.447;
0.11;0.446;
0.109;0.446;
0.108;0.445;
0.108;0.445;
0.107;0.444;
0.106;0.443;
0.104;0.441;
0.102;0.44;
0.1;0.438;
0.098;0.436;
0.096;0.435;
0.094;0.434;
0.093;0.433;
0.093;0.433;
0.092;0.432;
0.09;0.431;
0.089;0.43;
0.089;0.429;
0.088;0.429;
0.088;0.428;
0.089;0.428;
0.089;0.427;
0.09;0.426;
0.09;0.426;
0.09;0.425;
0.091;0.424;
0.092;0.422;
0.092;0.42;
0.093;0.418;
0.094;0.416;
0.095;0.414;
0.096;0.412;
0.096;0.41;
0.096;0.41;
0.097;0.408;
0.097;0.406;
0.097;0.404;
0.097;0.402;
0.097;0.401;
0.097;0.399;
0.097;0.398;
0.098;0.396;
0.098;0.393;
0.098;0.393;
0.098;0.391;
0.097;0.388;
0.097;0.385;
0.096;0.383;
0.096;0.381;
0.096;0.378;
0.095;0.377;
0.095;0.375;
0.095;0.373;
0.095;0.373;
0.094;0.372;
0.094;0.371;
0.094;0.371;
0.093;0.37;
0.093;0.37;
0.093;0.37;
0.093;0.37;
0.093;0.37;
0.093;0.37;
0.093;0.37;
0.092;0.369;
0.092;0.369;
0.092;0.368;
0.092;0.367;
0.092;0.366;
0.092;0.366;
0.092;0.365;
0.092;0.365;
0.092;0.364;
0.092;0.364;
0.092;0.364;
0.092;0.364;
0.092;0.365;
0.092;0.365;
0.092;0.364;
0.092;0.364;
0.092;0.364;
0.092;0.364;
0.092;0.363;
0.092;0.363;
0.091;0.363;
0.092;0.363;
0.092;0.363;
0.092;0.363;
0.092;0.363;
0.091;0.363;
0.091;0.362;
0.092;0.362;
0.092;0.363;
0.092;0.363;
0.092;0.363;
0.092;0.363;
0.092;0.363;
0.092;0.364;
0.092;0.363;
0.092;0.363;
0.092;0.363;
0.092;0.363;
0.092;0.362;
0.092;0.362;
0.092;0.361;
0.092;0.361;
0.092;0.36;
0.092;0.36;
0.092;0.36;
0.092;0.359;
0.091;0.359;
0.091;0.36;
0.091;0.359;
0.091;0.359;
0.091;0.359;
0.091;0.359;
0.091;0.358;
0.091;0.358;
0.091;0.357;
0.091;0.357;
0.091;0.356;
0.091;0.356;
0.091;0.355;
0.091;0.355;
0.09;0.355;
0.09;0.355;
0.09;0.354;
0.09;0.354;
0.09;0.354;
0.09;0.354;
0.09;0.354;
0.089;0.355;
0.089;0.355;
0.089;0.355;
0.089;0.355;
0.088;0.355;
0.088;0.355;
0.088;0.355;
0.088;0.355;
0.088;0.355;
0.088;0.355;
0.088;0.355;
0.087;0.355;
0.087;0.355;
0.087;0.356;
0.087;0.356;
0.087;0.356;
0.087;0.356;
0.087;0.355;
0.087;0.355;
0.087;0.354;
0.087;0.353;
0.087;0.353;
0.087;0.352;
0.087;0.352;
0.087;0.352;
0.087;0.352;
0.087;0.352;
0.087;0.352;
0.087;0.351;
0.087;0.351;
0.086;0.35;
0.086;0.35;
0.086;0.35;
0.086;0.35;
0.085;0.349;
0.085;0.349;
0.085;0.348;
0.085;0.348;
0.085;0.348;
0.085;0.348;
0.085;0.347;
0.085;0.348;
0.084;0.348;
0.084;0.348;
0.084;0.348;
0.084;0.348;
0.084;0.348;
0.084;0.348;
0.084;0.348;
0.084;0.348;
0.084;0.348;
0.084;0.348;
0.084;0.347;
0.084;0.347;
0.084;0.347;
0.083;0.347;
0.083;0.346;
0.083;0.345;
0.083;0.345;
0.083;0.344;
0.083;0.343;
0.082;0.342;
0.083;0.342;
0.083;0.342;
0.082;0.341;
0.082;0.341;
0.082;0.34;
0.082;0.34;
0.082;0.34;
0.082;0.34;
0.082;0.339;
0.081;0.339;
0.081;0.339;
0.081;0.339;
0.081;0.339;
0.081;0.338;
0.081;0.338;
0.081;0.338;
0.081;0.338;
0.081;0.338;
0.081;0.338;
0.081;0.338;
0.08;0.338;
0.08;0.338;
0.08;0.338;
0.08;0.338;
0.08;0.338;
0.08;0.338;
0.08;0.339;
0.08;0.338;
0.08;0.338;
0.08;0.338;
0.079;0.338;
0.079;0.338;
0.079;0.337;
0.079;0.337;
0.079;0.336;
0.079;0.336;
0.08;0.336;
0.08;0.335;
0.08;0.335;
0.08;0.335;
0.08;0.336;
0.08;0.336;
0.08;0.336;
0.08;0.336;
0.08;0.335;
0.08;0.335;
0.08;0.335;
0.08;0.335;
0.08;0.335;
0.081;0.335;
0.081;0.335;
0.081;0.335;
0.081;0.334;
0.081;0.334;
0.081;0.334;
0.081;0.334;
0.081;0.335;
0.081;0.335;
0.081;0.335;
0.081;0.335;
0.081;0.335;
0.081;0.335;
0.081;0.335;
0.081;0.335;
0.081;0.335;
0.081;0.335;
0.081;0.335;
0.081;0.335;
0.081;0.335;
0.081;0.335;
0.081;0.335;
0.081;0.335;
0.081;0.335;
0.081;0.335;
0.081;0.335;
0.081;0.335;
0.081;0.335;
0.081;0.335;
0.081;0.335;
0.081;0.335;
0.081;0.335;
0.081;0.335;
0.081;0.335;
0.081;0.335;
0.081;0.335;
0.081;0.335;
0.081;0.335;
0.081;0.335;
0.081;0.335;
0.081;0.335;
0.081;0.335;
0.081;0.335;
0.081;0.335;
0.081;0.335;
0.081;0.333;
0.081;0.333;
0.081;0.334;
0.08;0.334;
0.08;0.334;
0.08;0.335;
0.08;0.335;
0.08;0.335;
0.08;0.335;
0.08;0.335;
0.08;0.335;
0.08;0.335;
0.079;0.334;
0.079;0.334;
0.079;0.334;
0.079;0.334;
0.079;0.334;
0.079;0.334;
0.079;0.333;
0.079;0.333;
0.079;0.334;
0.079;0.333;
0.079;0.333;
0.079;0.334;
0.079;0.334;
0.079;0.334;
0.079;0.334;
0.079;0.334;
0.079;0.334;
0.079;0.334;
0.079;0.334;
0.079;0.333;
0.079;0.333;
0.079;0.333;
0.079;0.333;
0.079;0.333;
0.079;0.333;
0.079;0.333;
0.086;0.139;
0.086;0.139;
0.086;0.139;
0.087;0.139;
0.087;0.139;
0.087;0.139;
0.087;0.14;
0.087;0.14;
0.087;0.14;
0.087;0.14;
0.087;0.14;
0.087;0.14;
0.087;0.14;
0.087;0.141;
0.087;0.141;
0.087;0.141;
0.087;0.141;
0.087;0.141;
0.087;0.141;
0.086;0.14;
0.086;0.139;
0.086;0.139;
0.085;0.138;
0.085;0.138;
0.085;0.138;
0.085;0.138;
0.084;0.138;
0.084;0.138;
0.084;0.138;
0.084;0.138;
0.084;0.138;
0.083;0.139;
0.083;0.138;
0.083;0.138;
0.083;0.138;
0.083;0.138;
0.082;0.138;
0.082;0.138;
0.082;0.138;
0.082;0.138;
0.082;0.138;
0.082;0.138;
0.082;0.138;
0.082;0.138;
0.082;0.137;
0.082;0.137;
0.082;0.138;
0.082;0.138;
0.082;0.138;
0.081;0.138;
0.081;0.139;
0.081;0.139;
0.081;0.14;
0.082;0.141;
0.082;0.141;
0.082;0.142;
0.081;0.143;
0.081;0.143;
0.081;0.143;
0.081;0.143;
0.081;0.144;
0.082;0.144;
0.082;0.144;
0.082;0.144;
0.082;0.145;
0.082;0.145;
0.082;0.146;
0.082;0.147;
0.082;0.147;
0.082;0.147;
0.083;0.148;
0.083;0.148;
0.083;0.149;
0.083;0.149;
0.083;0.149;
0.083;0.149;
0.083;0.149;
0.083;0.149;
0.083;0.149;
0.083;0.149;
0.083;0.148;
0.083;0.148;
0.083;0.148;
0.084;0.147;
0.084;0.147;
0.083;0.147;
0.083;0.146;
0.084;0.146;
0.084;0.146;
0.084;0.146;
0.084;0.146;
0.084;0.146;
0.084;0.146;
0.083;0.146;
0.083;0.146;
0.083;0.146;
0.083;0.145;
0.083;0.145;
0.083;0.145;
0.083;0.145;
0.082;0.144;
0.082;0.144;
0.082;0.144;
0.082;0.144;
0.082;0.144;
0.081;0.144;
0.081;0.144;
0.081;0.144;
0.081;0.144;
0.081;0.144;
0.081;0.145;
0.081;0.145;
0.081;0.146;
0.081;0.146;
0.081;0.147;
0.081;0.147;
0.081;0.147;
0.082;0.148;
0.082;0.148;
0.082;0.148;
0.082;0.148;
0.083;0.149;
0.083;0.149;
0.083;0.149;
0.083;0.15;
0.083;0.15;
0.084;0.15;
0.084;0.15;
0.084;0.15;
0.084;0.15;
0.084;0.15;
0.085;0.15;
0.085;0.15;
0.085;0.15;
0.086;0.149;
0.086;0.149;
0.086;0.148;
0.086;0.148;
0.086;0.148;
0.086;0.148;
0.086;0.148;
0.086;0.147;
0.086;0.147;
0.086;0.147;
0.087;0.148;
0.087;0.148;
0.087;0.148;
0.087;0.148;
0.087;0.148;
0.087;0.148;
0.087;0.147;
0.087;0.147;
0.087;0.147;
0.086;0.147;
0.086;0.147;
0.086;0.146;
0.087;0.146;
0.087;0.146;
0.087;0.146;
0.087;0.146;
0.087;0.146;
0.087;0.146;
0.087;0.146;
0.087;0.146;
0.086;0.147;
0.087;0.147;
0.087;0.147;
0.087;0.147;
0.087;0.147;
0.087;0.147;
0.087;0.147;
0.088;0.146;
0.088;0.146;
0.088;0.146;
0.089;0.146;
0.089;0.147;
0.089;0.147;
0.089;0.147;
0.089;0.148;
0.089;0.148;
0.089;0.148;
0.089;0.148;
0.089;0.148;
0.089;0.148;
0.089;0.148;
0.089;0.148;
0.089;0.148;
0.089;0.148;
0.089;0.148;
0.089;0.148;
0.089;0.148;
0.089;0.148;
0.089;0.148;
0.089;0.148;
0.089;0.148;
0.089;0.148;
0.089;0.148;
0.089;0.148;
0.089;0.148;
0.089;0.148;
0.089;0.148;
0.089;0.148;
0.089;0.148;
0.089;0.148;
0.089;0.148;
0.089;0.148;
0.089;0.148;
0.089;0.148;
0.089;0.148;
0.089;0.148;
0.089;0.148;
0.089;0.148;
0.089;0.148;
0.089;0.148;
0.089;0.148;
0.089;0.148;
0.089;0.148;
0.089;0.148;
0.089;0.148;
0.089;0.148;
0.089;0.148;
0.088;0.141;
0.088;0.141;
0.088;0.141;
0.089;0.141;
0.089;0.141;
0.089;0.141;
0.089;0.142;
0.089;0.142;
0.089;0.142;
0.09;0.143;
0.09;0.144;
0.09;0.144;
0.09;0.144;
0.09;0.145;
0.09;0.145;
0.09;0.145;
0.09;0.145;
0.09;0.145;
0.09;0.145;
0.09;0.145;
0.09;0.146;
0.09;0.146;
0.09;0.146;
0.09;0.147;
0.09;0.147;
0.09;0.147;
0.09;0.148;
0.09;0.148;
0.09;0.148;
0.09;0.148;
0.091;0.148;
0.091;0.148;
0.091;0.148;
0.091;0.148;
0.091;0.147;
0.092;0.147;
0.092;0.147;
0.092;0.147;
0.092;0.147;
0.092;0.147;
0.092;0.147;
0.092;0.146;
0.097;0.191;
0.097;0.192;
0.098;0.193;
0.098;0.193;
0.098;0.194;
0.098;0.195;
0.099;0.196;
0.099;0.197;
0.1;0.198;
0.1;0.199;
0.1;0.2;
0.1;0.201;
0.1;0.202;
0.1;0.202;
0.1;0.203;
0.1;0.204;
0.101;0.204;
0.101;0.205;
0.101;0.206;
0.101;0.207;
0.101;0.208;
0.102;0.209;
0.102;0.21;
0.102;0.21;
0.102;0.211;
0.102;0.212;
0.103;0.214;
0.104;0.215;
0.104;0.217;
0.105;0.218;
0.106;0.22;
0.107;0.222;
0.107;0.224;
0.107;0.224;
0.108;0.226;
0.109;0.229;
0.11;0.231;
0.111;0.234;
0.111;0.236;
0.112;0.238;
0.113;0.24;
0.114;0.242;
0.114;0.244;
0.115;0.246;
0.115;0.246;
0.116;0.248;
0.116;0.25;
0.116;0.25;
0.116;0.25;
0.116;0.25;
0.116;0.25;
0.116;0.25;
0.116;0.25;
0.116;0.25;
0.116;0.25;
0.116;0.25;
0.116;0.25;
0.116;0.25;
0.116;0.25;
0.116;0.25;
0.116;0.25;
0.116;0.25;
0.116;0.25;
0.116;0.25;
0.116;0.25;
0.116;0.25;
0.116;0.25;
0.116;0.25;
0.116;0.25;
0.116;0.25;
0.124;0.282;
0.124;0.283;
0.125;0.284;
0.125;0.285;
0.125;0.285;
0.125;0.286;
0.125;0.286;
0.125;0.286;
0.125;0.287;
0.125;0.288;
0.125;0.289;
0.126;0.289;
0.126;0.29;
0.126;0.29;
0.126;0.29;
0.126;0.29;
0.127;0.291;
0.127;0.291;
0.127;0.291;
0.128;0.291;
0.128;0.291;
0.128;0.291;
0.128;0.291;
0.128;0.292;
0.128;0.292;
0.129;0.292;
0.129;0.292;
0.129;0.292;
0.129;0.292;
0.129;0.293;
0.129;0.293;
0.129;0.294;
0.129;0.294;
0.129;0.295;
0.129;0.295;
0.129;0.295;
0.129;0.295;
0.128;0.295;
0.128;0.295;
0.128;0.295;
0.128;0.295;
0.128;0.295;
0.128;0.295;
0.128;0.295;
0.127;0.295;
0.127;0.295;
0.127;0.295;
0.127;0.296;
0.127;0.295;
0.127;0.295;
0.127;0.295;
0.128;0.295;
0.128;0.295;
0.128;0.295;
0.128;0.295;
0.129;0.295;
0.129;0.295;
0.129;0.295;
0.13;0.295;
0.13;0.296;
0.131;0.296;
0.131;0.297;
0.132;0.297;
0.132;0.297;
0.132;0.297;
0.133;0.298;
0.133;0.298;
0.133;0.298;
0.134;0.298;
0.134;0.298;
0.134;0.298;
0.135;0.298;
0.135;0.299;
0.135;0.299;
0.135;0.299;
0.135;0.3;
0.136;0.3;
0.136;0.3;
0.136;0.3;
0.136;0.3;
0.137;0.3;
0.137;0.3;
0.137;0.3;
0.137;0.3;
0.137;0.3;
0.137;0.301;
0.138;0.301;
0.138;0.301;
0.138;0.301;
0.138;0.301;
0.139;0.301;
0.139;0.301;
0.139;0.301;
0.139;0.301;
0.139;0.301;
0.14;0.301;
0.14;0.301;
0.14;0.301;
0.14;0.301;
0.141;0.301;
0.141;0.301;
0.141;0.301;
0.141;0.301;
0.142;0.3;
0.142;0.3;
0.142;0.3;
0.143;0.3;
0.143;0.3;
0.144;0.3;
0.237;0.168;
0.237;0.164;
0.238;0.161;
0.238;0.157;
0.239;0.154;
0.239;0.151;
0.239;0.148;
0.238;0.145;
0.238;0.145;
0.237;0.143;
0.236;0.141;
0.234;0.14;
0.233;0.138;
0.231;0.136;
0.23;0.134;
0.229;0.131;
0.228;0.128;
0.226;0.126;
0.226;0.126;
0.225;0.124;
0.223;0.122;
0.222;0.12;
0.221;0.119;
0.22;0.117;
0.219;0.116;
0.218;0.114;
0.218;0.113;
0.217;0.112;
0.217;0.112;
0.217;0.11;
0.216;0.109;
0.215;0.107;
0.215;0.105;
0.214;0.102;
0.214;0.1;
0.213;0.097;
0.213;0.095;
0.212;0.093;
0.212;0.093;
0.212;0.091;
0.211;0.089;
0.211;0.088;
0.211;0.087;
0.211;0.086;
0.21;0.085;
0.21;0.084;
0.21;0.083;
0.21;0.082;
0.21;0.082;
0.21;0.081;
0.21;0.08;
0.21;0.079;
0.21;0.078;
0.21;0.077;
0.21;0.077;
0.21;0.077;
0.21;0.077;
0.21;0.078;
0.21;0.078;
0.21;0.079;
0.21;0.08;
0.21;0.081;
0.21;0.081;
0.21;0.082;
0.21;0.082;
0.21;0.081;
0.21;0.081;
0.21;0.081;
0.21;0.081;
0.211;0.08;
0.211;0.079;
0.211;0.079;
0.211;0.078;
0.212;0.078;
0.212;0.077;
0.212;0.077;
0.213;0.077;
0.213;0.077;
0.213;0.077;
0.214;0.078;
0.214;0.078;
0.215;0.078;
0.215;0.078;
0.215;0.079;
0.215;0.079;
0.216;0.079;
0.216;0.079;
0.216;0.079;
0.216;0.079;
0.216;0.078;
0.217;0.078;
0.217;0.078;
0.217;0.078;
0.218;0.078;
0.218;0.079;
0.218;0.079;
0.218;0.08;
0.219;0.08;
0.219;0.08;
0.219;0.08;
0.219;0.08;
0.219;0.08;
0.219;0.08;
0.219;0.079;
0.219;0.079;
0.219;0.077;
0.22;0.076;
0.22;0.075;
0.22;0.075;
0.22;0.074;
0.22;0.073;
0.22;0.072;
0.22;0.072;
0.219;0.071;
0.22;0.07;
0.22;0.068;
0.22;0.068;
0.22;0.067;
0.22;0.067;
0.22;0.066;
0.22;0.066;
0.219;0.065;
0.219;0.065;
0.219;0.064;
0.219;0.063;
0.219;0.063;
0.219;0.063;
0.219;0.062;
0.219;0.062;
0.219;0.062;
0.219;0.062;
0.219;0.062;
0.219;0.063;
0.219;0.063;
0.218;0.063;
0.218;0.064;
0.218;0.064;
0.217;0.064;
0.217;0.064;
0.217;0.064;
0.216;0.064;
0.216;0.064;
0.215;0.064;
0.215;0.063;
0.215;0.063;
0.214;0.063;
0.214;0.063;
0.213;0.064;
0.213;0.064;
0.213;0.064;
0.212;0.065;
0.212;0.066;
0.211;0.067;
0.211;0.068;
0.21;0.068;
0.21;0.068;
0.209;0.068;
0.208;0.068;
0.208;0.068;
0.207;0.068;
0.206;0.067;
0.206;0.067;
0.205;0.067;
0.204;0.067;
0.203;0.068;
0.202;0.069;
0.202;0.07;
0.201;0.07;
0.201;0.07;
0.201;0.071;
0.201;0.071;
0.201;0.072;
0.201;0.072;
0.201;0.072;
0.202;0.072;
0.203;0.072;
0.204;0.071;
0.204;0.071;
0.204;0.071;
0.205;0.07;
0.206;0.07;
0.206;0.069;
0.207;0.068;
0.207;0.068;
0.207;0.067;
0.208;0.067;
0.208;0.067;
0.208;0.066;
0.208;0.066;
0.208;0.066;
0.208;0.065;
0.207;0.065;
0.207;0.065;
0.207;0.064;
0.207;0.064;
0.207;0.063;
0.207;0.062;
0.207;0.062;
0.207;0.062;
0.207;0.061;
0.206;0.061;
0.206;0.061;
0.206;0.061;
0.205;0.062;
0.205;0.063;
0.205;0.063;
0.205;0.063;
0.205;0.063;
0.205;0.063;
0.205;0.062;
0.205;0.061;
0.205;0.06;
0.205;0.06;
0.206;0.059;
0.206;0.059;
0.206;0.059;
0.206;0.06;
0.206;0.06;
0.206;0.06;
0.206;0.061;
0.206;0.061;
0.206;0.061;
0.206;0.062;
0.206;0.062;
0.206;0.062;
0.206;0.061;
0.206;0.061;
0.206;0.061;
0.206;0.061;
0.206;0.061;
0.206;0.061;
0.206;0.061;
0.205;0.061;
0.205;0.061;
0.205;0.061;
0.205;0.061;
0.205;0.061;
0.205;0.062;
0.205;0.062;
0.205;0.062;
0.205;0.063;
0.204;0.063;
0.204;0.064;
0.204;0.064;
0.204;0.063;
0.203;0.063;
0.203;0.062;
0.203;0.062;
0.203;0.061;
0.203;0.061;
0.203;0.06;
0.203;0.06;
0.203;0.06;
0.203;0.059;
0.203;0.059;
0.203;0.06;
0.203;0.06;
0.203;0.06;
0.203;0.06;
0.203;0.06;
0.203;0.06;
0.203;0.06;
0.203;0.06;
0.203;0.06;
0.203;0.06;
0.203;0.06;
0.203;0.06;
0.203;0.06;
0.203;0.06;
0.203;0.06;
0.203;0.06;
0.203;0.06;
0.203;0.06;
0.203;0.06;
0.203;0.06;
0.203;0.06;
0.203;0.06;
0.203;0.06;
0.203;0.06;
0.203;0.06;
0.203;0.06;
0.203;0.06;
0.203;0.06;
0.203;0.06;
0.203;0.06;
0.201;0.061;
0.201;0.061;
0.201;0.06;
0.201;0.06;
0.201;0.06;
0.201;0.06;
0.201;0.06;
0.201;0.06;
0.201;0.06;
0.201;0.061;
0.201;0.06;
0.201;0.06;
0.202;0.06;
0.202;0.061;
0.202;0.061;
0.202;0.061;
0.202;0.061;
0.203;0.062;
0.203;0.062;
0.203;0.062;
0.203;0.062;
0.203;0.062;
0.203;0.062;
0.203;0.062;
0.203;0.062;
0.203;0.062;
0.203;0.062;
0.203;0.062;
0.203;0.063;
0.203;0.063;
0.203;0.063;
0.203;0.063;
0.203;0.063;
0.203;0.063;
0.203;0.063;
0.203;0.063;
0.203;0.062;
0.203;0.062;
0.727;0.083;
0.726;0.083;
0.724;0.082;
0.723;0.082;
0.723;0.082;
0.723;0.081;
0.722;0.081;
0.721;0.081;
0.721;0.08;
0.72;0.079;
0.72;0.078;
0.721;0.077;
0.721;0.076;
0.722;0.076;
0.722;0.076;
0.722;0.076;
0.723;0.075;
0.723;0.075;
0.723;0.074;
0.723;0.074;
0.724;0.074;
0.724;0.074;
0.724;0.074;
0.724;0.074;
0.724;0.074;
0.724;0.073;
0.724;0.073;
0.723;0.072;
0.723;0.071;
0.722;0.07;
0.721;0.069;
0.72;0.068;
0.719;0.068;
0.718;0.067;
0.718;0.067;
0.716;0.066;
0.715;0.065;
0.713;0.064;
0.712;0.063;
0.711;0.062;
0.709;0.061;
0.708;0.06;
0.707;0.059;
0.706;0.057;
0.705;0.056;
0.705;0.056;
0.704;0.055;
0.704;0.055;
0.704;0.055;
0.704;0.055;
0.704;0.055;
0.704;0.055;
0.704;0.055;
0.704;0.055;
0.704;0.055;
0.704;0.055;
0.704;0.055;
0.704;0.055;
0.704;0.055;
0.704;0.055;
0.704;0.055;
0.704;0.055;
0.704;0.055;
0.704;0.055;
0.704;0.055;
0.704;0.055;
0.704;0.055;
0.704;0.055;
0.704;0.055;
0.704;0.055;
0.704;0.055;
0.704;0.055;
0.699;0.05;
0.7;0.05;
0.7;0.049;
0.7;0.049;
0.7;0.049;
0.701;0.049;
0.702;0.049;
0.702;0.049;
0.702;0.049;
0.703;0.05;
0.703;0.05;
0.704;0.05;
0.704;0.05;
0.704;0.05;
0.704;0.05;
0.704;0.05;
0.705;0.05;
0.705;0.051;
0.705;0.051;
0.705;0.051;
0.705;0.051;
0.706;0.051;
0.706;0.051;
0.706;0.051;
0.706;0.052;
0.706;0.052;
0.706;0.052;
0.706;0.053;
0.707;0.053;
0.707;0.052;
0.707;0.052;
0.707;0.052;
0.707;0.052;
0.707;0.052;
0.707;0.052;
0.708;0.052;
0.708;0.053;
0.708;0.053;
0.708;0.054;
0.708;0.054;
0.708;0.054;
0.708;0.055;
0.708;0.055;
0.708;0.055;
0.707;0.055;
0.707;0.055;
0.707;0.055;
0.707;0.055;
0.706;0.056;
0.706;0.056;
0.705;0.056;
0.705;0.056;
0.705;0.056;
0.705;0.057;
0.704;0.058;
0.704;0.059;
0.135;0.343;
0.135;0.343;
0.132;0.34;
0.129;0.338;
0.127;0.336;
0.126;0.334;
0.125;0.333;
0.125;0.331;
0.125;0.329;
0.126;0.328;
0.126;0.326;
0.126;0.326;
0.127;0.326;
0.128;0.325;
0.129;0.324;
0.13;0.324;
0.131;0.323;
0.132;0.322;
0.133;0.32;
0.134;0.317;
0.134;0.317;
0.134;0.314;
0.134;0.31;
0.133;0.306;
0.133;0.303;
0.132;0.299;
0.132;0.296;
0.132;0.292;
0.132;0.289;
0.131;0.286;
0.131;0.283;
0.131;0.283;
0.13;0.281;
0.13;0.279;
0.13;0.277;
0.13;0.275;
0.13;0.273;
0.13;0.271;
0.13;0.269;
0.13;0.267;
0.13;0.265;
0.13;0.265;
0.13;0.264;
0.13;0.263;
0.13;0.262;
0.13;0.26;
0.13;0.258;
0.13;0.256;
0.129;0.254;
0.129;0.253;
0.128;0.252;
0.128;0.252;
0.128;0.251;
0.129;0.251;
0.129;0.25;
0.13;0.25;
0.13;0.25;
0.131;0.25;
0.131;0.25;
0.132;0.25;
0.133;0.25;
0.134;0.25;
0.134;0.25;
0.135;0.25;
0.136;0.249;
0.137;0.248;
0.138;0.247;
0.139;0.246;
0.139;0.245;
0.14;0.245;
0.141;0.245;
0.141;0.245;
0.143;0.245;
0.144;0.246;
0.145;0.246;
0.145;0.246;
0.146;0.247;
0.147;0.248;
0.147;0.249;
0.148;0.25;
0.149;0.252;
0.151;0.253;
0.151;0.253;
0.151;0.255;
0.152;0.256;
0.153;0.257;
0.153;0.258;
0.153;0.259;
0.153;0.26;
0.153;0.261;
0.154;0.262;
0.154;0.262;
0.154;0.262;
0.154;0.261;
0.154;0.26;
0.153;0.259;
0.153;0.258;
0.153;0.257;
0.153;0.257;
0.153;0.256;
0.154;0.256;
0.154;0.256;
0.154;0.256;
0.154;0.256;
0.154;0.256;
0.154;0.256;
0.154;0.256;
0.154;0.256;
0.154;0.256;
0.154;0.256;
0.154;0.256;
0.154;0.256;
0.154;0.256;
0.154;0.256;
0.154;0.256;
0.154;0.256;
0.154;0.256;
0.154;0.256;
0.154;0.256;
0.154;0.256;
0.154;0.256;
0.154;0.256;
0.154;0.256;
0.154;0.256;
0.154;0.256;
0.159;0.25;
0.159;0.25;
0.159;0.251;
0.159;0.251;
0.159;0.251;
0.159;0.251;
0.159;0.251;
0.158;0.251;
0.158;0.251;
0.157;0.251;
0.157;0.252;
0.156;0.252;
0.156;0.252;
0.155;0.252;
0.155;0.252;
0.155;0.252;
0.154;0.252;
0.154;0.252;
0.154;0.252;
0.153;0.252;
0.153;0.252;
0.152;0.251;
0.152;0.252;
0.152;0.252;
0.152;0.252;
0.152;0.252;
0.151;0.252;
0.151;0.252;
0.151;0.252;
0.151;0.253;
0.151;0.253;
0.151;0.254;
0.151;0.255;
0.151;0.256;
0.151;0.256;
0.151;0.257;
0.151;0.257;
0.151;0.257;
0.151;0.257;
0.151;0.257;
0.151;0.256;
0.151;0.256;
0.152;0.256;
0.151;0.256;
0.152;0.256;
0.152;0.256;
0.152;0.256;
0.152;0.256;
0.152;0.256;
0.152;0.256;
0.152;0.257;
0.152;0.257;
0.152;0.258;
0.152;0.258;
0.152;0.258;
0.152;0.259;
0.152;0.259;
0.152;0.259;
0.152;0.259;
0.152;0.259;
0.474;0.3;
0.475;0.297;
0.476;0.294;
0.477;0.292;
0.477;0.29;
0.478;0.289;
0.478;0.289;
0.478;0.287;
0.478;0.286;
0.477;0.285;
0.477;0.284;
0.476;0.283;
0.474;0.282;
0.472;0.282;
0.47;0.281;
0.468;0.28;
0.468;0.28;
0.465;0.28;
0.462;0.279;
0.459;0.277;
0.456;0.276;
0.453;0.275;
0.45;0.273;
0.447;0.271;
0.444;0.27;
0.441;0.268;
0.441;0.268;
0.438;0.266;
0.434;0.265;
0.431;0.263;
0.429;0.261;
0.426;0.26;
0.424;0.258;
0.422;0.257;
0.42;0.256;
0.419;0.254;
0.419;0.254;
0.418;0.253;
0.417;0.252;
0.417;0.251;
0.416;0.25;
0.416;0.249;
0.417;0.249;
0.417;0.248;
0.418;0.247;
0.419;0.247;
0.419;0.247;
0.42;0.246;
0.421;0.246;
0.422;0.246;
0.423;0.246;
0.424;0.245;
0.425;0.245;
0.426;0.244;
0.427;0.244;
0.429;0.244;
0.429;0.244;
0.43;0.243;
0.43;0.242;
0.431;0.241;
0.432;0.24;
0.432;0.24;
0.432;0.239;
0.432;0.239;
0.433;0.239;
0.433;0.239;
0.433;0.239;
0.433;0.239;
0.434;0.239;
0.434;0.239;
0.434;0.239;
0.434;0.239;
0.434;0.239;
0.434;0.239;
0.435;0.239;
0.435;0.239;
0.435;0.239;
0.436;0.239;
0.436;0.239;
0.436;0.239;
0.437;0.239;
0.437;0.239;
0.438;0.239;
0.438;0.239;
0.439;0.239;
0.439;0.239;
0.439;0.239;
0.44;0.239;
0.44;0.238;
0.441;0.238;
0.441;0.237;
0.442;0.237;
0.442;0.236;
0.443;0.236;
0.443;0.235;
0.443;0.235;
0.443;0.235;
0.444;0.235;
0.444;0.234;
0.444;0.234;
0.445;0.234;
0.445;0.233;
0.445;0.233;
0.445;0.233;
0.446;0.232;
0.446;0.232;
0.446;0.232;
0.446;0.232;
0.446;0.232;
0.447;0.232;
0.447;0.232;
0.447;0.232;
0.447;0.232;
0.447;0.232;
0.447;0.233;
0.447;0.233;
0.447;0.233;
0.447;0.233;
0.447;0.233;
0.447;0.234;
0.447;0.234;
0.447;0.234;
0.447;0.234;
0.448;0.235;
0.447;0.234;
0.447;0.234;
0.447;0.234;
0.447;0.235;
0.447;0.234;
0.447;0.234;
0.447;0.234;
0.447;0.235;
0.447;0.235;
0.447;0.235;
0.447;0.234;
0.447;0.234;
0.447;0.234;
0.447;0.234;
0.447;0.234;
0.448;0.234;
0.448;0.234;
0.448;0.234;
0.448;0.233;
0.448;0.233;
0.448;0.233;
0.448;0.232;
0.448;0.232;
0.448;0.232;
0.449;0.232;
0.449;0.232;
0.449;0.231;
0.449;0.231;
0.449;0.231;
0.449;0.231;
0.45;0.23;
0.45;0.23;
0.45;0.23;
0.45;0.23;
0.45;0.23;
0.451;0.229;
0.451;0.229;
0.451;0.229;
0.452;0.229;
0.452;0.228;
0.452;0.228;
0.452;0.228;
0.452;0.228;
0.452;0.228;
0.453;0.228;
0.453;0.228;
0.453;0.228;
0.453;0.227;
0.453;0.227;
0.453;0.227;
0.454;0.227;
0.454;0.227;
0.454;0.226;
0.454;0.226;
0.454;0.226;
0.454;0.226;
0.454;0.226;
0.454;0.226;
0.454;0.225;
0.454;0.225;
0.454;0.225;
0.454;0.225;
0.454;0.225;
0.454;0.225;
0.454;0.225;
0.454;0.225;
0.454;0.225;
0.454;0.225;
0.454;0.225;
0.454;0.225;
0.454;0.225;
0.454;0.225;
0.454;0.225;
0.455;0.225;
0.455;0.225;
0.455;0.225;
0.455;0.225;
0.455;0.225;
0.455;0.225;
0.455;0.225;
0.455;0.225;
0.455;0.225;
0.455;0.225;
0.455;0.225;
0.455;0.225;
0.455;0.226;
0.455;0.226;
0.456;0.226;
0.456;0.227;
0.456;0.227;
0.456;0.227;
0.456;0.228;
0.456;0.228;
0.456;0.228;
0.456;0.228;
0.456;0.229;
0.456;0.23;
0.456;0.23;
0.456;0.231;
0.456;0.232;
0.455;0.233;
0.455;0.233;
0.455;0.234;
0.455;0.234;
0.454;0.235;
0.454;0.236;
0.454;0.236;
0.453;0.237;
0.453;0.237;
0.452;0.237;
0.452;0.238;
0.452;0.238;
0.451;0.238;
0.451;0.238;
0.451;0.238;
0.451;0.238;
0.451;0.238;
0.45;0.238;
0.45;0.238;
0.45;0.238;
0.45;0.238;
0.45;0.237;
0.451;0.237;
0.451;0.237;
0.451;0.237;
0.451;0.237;
0.452;0.236;
0.452;0.236;
0.452;0.235;
0.453;0.235;
0.453;0.235;
0.453;0.235;
0.454;0.234;
0.454;0.234;
0.454;0.234;
0.455;0.234;
0.455;0.234;
0.455;0.233;
0.455;0.233;
0.456;0.232;
0.456;0.232;
0.456;0.231;
0.456;0.231;
0.456;0.231;
0.456;0.231;
0.456;0.231;
0.456;0.231;
0.456;0.231;
0.456;0.231;
0.457;0.23;
0.456;0.23;
0.457;0.23;
0.456;0.23;
0.456;0.23;
0.456;0.23;
0.456;0.23;
0.456;0.23;
0.456;0.23;
0.456;0.23;
0.456;0.23;
0.456;0.23;
0.456;0.23;
0.455;0.231;
0.455;0.231;
0.455;0.231;
0.455;0.231;
0.455;0.231;
0.455;0.231;
0.455;0.231;
0.455;0.231;
0.455;0.231;
0.455;0.231;
0.455;0.231;
0.455;0.231;
0.455;0.231;
0.455;0.231;
0.455;0.231;
0.455;0.231;
0.455;0.231;
0.455;0.231;
0.455;0.231;
0.455;0.231;
0.455;0.231;
0.455;0.231;
0.455;0.231;
0.455;0.231;
0.455;0.231;
0.455;0.231;
0.455;0.231;
0.455;0.234;
0.456;0.234;
0.456;0.234;
0.456;0.234;
0.456;0.234;
0.457;0.234;
0.457;0.234;
0.457;0.234;
0.457;0.234;
0.457;0.234;
0.457;0.233;
0.457;0.233;
0.457;0.233;
0.457;0.232;
0.457;0.232;
0.457;0.232;
0.457;0.232;
0.458;0.231;
0.458;0.231;
0.458;0.231;
0.458;0.231;
0.458;0.231;
0.458;0.231;
0.458;0.231;
0.458;0.231;
0.458;0.231;
0.458;0.231;
0.458;0.231;
0.458;0.231;
0.458;0.23;
0.401;0.071;
0.399;0.069;
0.396;0.068;
0.393;0.068;
0.393;0.068;
0.391;0.068;
0.388;0.069;
0.385;0.069;
0.382;0.07;
0.379;0.071;
0.376;0.072;
0.373;0.074;
0.371;0.077;
0.367;0.081;
0.367;0.081;
0.364;0.085;
0.361;0.09;
0.358;0.095;
0.354;0.099;
0.352;0.103;
0.349;0.106;
0.347;0.11;
0.345;0.114;
0.342;0.118;
0.342;0.118;
0.34;0.121;
0.339;0.125;
0.337;0.13;
0.335;0.135;
0.334;0.14;
0.333;0.146;
0.332;0.152;
0.331;0.158;
0.33;0.163;
0.33;0.163;
0.329;0.169;
0.329;0.173;
0.328;0.179;
0.327;0.184;
0.327;0.189;
0.326;0.195;
0.326;0.2;
0.325;0.206;
0.325;0.211;
0.325;0.211;
0.325;0.216;
0.324;0.22;
0.324;0.225;
0.324;0.225;
0.324;0.225;
0.324;0.23;
0.323;0.244;
0.322;0.248;
0.322;0.252;
0.322;0.252;
0.321;0.256;
0.321;0.259;
0.321;0.261;
0.32;0.263;
0.32;0.264;
0.319;0.265;
0.318;0.266;
0.318;0.265;
0.318;0.265;
0.318;0.265;
0.317;0.264;
0.317;0.264;
0.316;0.264;
0.316;0.263;
0.315;0.262;
0.315;0.261;
0.314;0.259;
0.314;0.257;
0.314;0.254;
0.314;0.254;
0.314;0.25;
0.314;0.246;
0.314;0.241;
0.314;0.236;
0.314;0.231;
0.314;0.224;
0.313;0.216;
0.312;0.208;
0.312;0.2;
0.312;0.2;
0.311;0.192;
0.31;0.184;
0.308;0.177;
0.307;0.17;
0.305;0.163;
0.304;0.155;
0.302;0.148;
0.301;0.14;
0.301;0.132;
0.301;0.132;
0.3;0.125;
0.3;0.118;
0.3;0.112;
0.3;0.107;
0.3;0.102;
0.301;0.098;
0.303;0.095;
0.304;0.092;
0.306;0.089;
0.306;0.089;
0.308;0.086;
0.311;0.084;
0.313;0.081;
0.316;0.078;
0.319;0.076;
0.322;0.073;
0.324;0.07;
0.328;0.068;
0.331;0.066;
0.333;0.063;
0.333;0.063;
0.336;0.061;
0.339;0.059;
0.341;0.057;
0.343;0.056;
0.345;0.055;
0.347;0.054;
0.349;0.053;
0.352;0.052;
0.354;0.051;
0.354;0.051;
0.356;0.05;
0.358;0.05;
0.36;0.049;
0.361;0.049;
0.363;0.049;
0.365;0.048;
0.366;0.048;
0.368;0.048;
0.371;0.048;
0.371;0.048;
0.373;0.048;
0.375;0.048;
0.377;0.048;
0.38;0.048;
0.382;0.048;
0.384;0.049;
0.387;0.049;
0.389;0.05;
0.392;0.051;
0.392;0.051;
0.394;0.051;
0.397;0.051;
0.399;0.051;
0.402;0.051;
0.404;0.05;
0.406;0.05;
0.409;0.05;
0.41;0.05;
0.412;0.051;
0.412;0.051;
0.413;0.051;
0.414;0.051;
0.414;0.051;
0.415;0.052;
0.415;0.052;
0.415;0.053;
0.415;0.053;
0.415;0.053;
0.415;0.053;
0.415;0.053;
0.414;0.054;
0.413;0.054;
0.412;0.054;
0.41;0.054;
0.409;0.055;
0.408;0.055;
0.406;0.055;
0.404;0.055;
0.402;0.055;
0.402;0.055;
0.399;0.056;
0.397;0.056;
0.394;0.057;
0.391;0.059;
0.388;0.059;
0.385;0.06;
0.382;0.06;
0.379;0.06;
0.375;0.06;
0.375;0.06;
0.371;0.06;
0.368;0.061;
0.364;0.061;
0.361;0.062;
0.357;0.062;
0.354;0.062;
0.351;0.061;
0.349;0.06;
0.346;0.058;
0.346;0.058;
0.345;0.057;
0.343;0.056;
0.342;0.055;
0.341;0.054;
0.341;0.053;
0.34;0.053;
0.34;0.053;
0.34;0.053;
0.34;0.053;
0.34;0.053;
0.34;0.053;
0.341;0.054;
0.341;0.054;
0.342;0.055;
0.343;0.055;
0.344;0.055;
0.345;0.056;
0.346;0.056;
0.347;0.055;
0.347;0.055;
0.349;0.055;
0.351;0.055;
0.354;0.056;
0.357;0.056;
0.357;0.056;
0.357;0.056;
0.357;0.056;
0.357;0.056;
0.357;0.056;
0.357;0.056;
0.357;0.056;
0.357;0.056;
0.357;0.056;
0.357;0.056;
0.357;0.056;
0.357;0.056;
0.357;0.056;
0.357;0.056;
0.357;0.056;
0.357;0.056;
0.357;0.056;
0.357;0.056;
0.357;0.056;
0.357;0.056;
0.357;0.056;
0.357;0.056;
0.357;0.056;
0.357;0.056;
0.357;0.056;
0.357;0.056;
0.441;0.081;
0.442;0.082;
0.442;0.082;
0.442;0.082;
0.441;0.083;
0.441;0.084;
0.441;0.085;
0.441;0.086;
0.441;0.086;
0.441;0.086;
0.441;0.087;
0.441;0.087;
0.441;0.087;
0.441;0.088;
0.441;0.088;
0.441;0.088;
0.441;0.089;
0.441;0.089;
0.441;0.089;
0.441;0.089;
0.441;0.089;
0.441;0.089;
0.441;0.089;
0.441;0.089;
0.441;0.089;
0.441;0.09;
0.44;0.09;
0.44;0.091;
0.439;0.091;
0.439;0.091;
0.438;0.092;
0.437;0.092;
0.436;0.092;
0.434;0.093;
0.432;0.093;
0.43;0.094;
0.428;0.094;
0.426;0.095;
0.424;0.096;
0.424;0.096;
0.421;0.096;
0.419;0.096;
0.417;0.096;
0.414;0.095;
0.41;0.095;
0.407;0.095;
0.404;0.095;
