0.459;0.208;
0.459;0.204;
0.459;0.2;
0.459;0.196;
0.459;0.196;
0.46;0.192;
0.46;0.187;
0.461;0.183;
0.461;0.179;
0.461;0.175;
0.462;0.171;
0.462;0.167;
0.462;0.163;
0.463;0.158;
0.463;0.158;
0.463;0.154;
0.464;0.15;
0.465;0.146;
0.465;0.144;
0.466;0.142;
0.466;0.141;
0.466;0.139;
0.466;0.138;
0.466;0.138;
0.467;0.136;
0.467;0.134;
0.467;0.133;
0.468;0.132;
0.468;0.131;
0.469;0.13;
0.469;0.13;
0.469;0.13;
0.469;0.129;
0.469;0.128;
0.469;0.128;
0.47;0.126;
0.47;0.126;
0.47;0.125;
0.471;0.124;
0.471;0.124;
0.471;0.123;
0.47;0.121;
0.471;0.12;
0.471;0.118;
0.471;0.118;
0.471;0.117;
0.471;0.117;
0.472;0.117;
0.472;0.117;
0.472;0.117;
0.472;0.116;
0.472;0.115;
0.472;0.115;
0.472;0.114;
0.472;0.114;
0.472;0.113;
0.472;0.113;
0.472;0.113;
0.472;0.113;
0.472;0.112;
0.472;0.112;
0.472;0.112;
0.472;0.112;
0.473;0.112;
0.473;0.112;
0.473;0.112;
0.473;0.113;
0.473;0.114;
0.473;0.114;
0.473;0.114;
0.473;0.114;
0.473;0.114;
0.473;0.114;
0.473;0.113;
0.473;0.113;
0.473;0.114;
0.473;0.114;
0.473;0.114;
0.473;0.114;
0.473;0.114;
0.473;0.114;
0.473;0.114;
0.473;0.114;
0.473;0.114;
0.473;0.114;
0.473;0.114;
0.473;0.114;
0.472;0.118;
0.472;0.118;
0.471;0.119;
0.471;0.118;
0.471;0.118;
0.471;0.119;
0.471;0.119;
0.471;0.119;
0.471;0.119;
0.471;0.12;
0.471;0.121;
0.471;0.121;
0.471;0.122;
0.471;0.122;
0.471;0.122;
0.471;0.122;
0.472;0.123;
0.472;0.123;
0.472;0.124;
0.472;0.124;
0.473;0.125;
0.473;0.125;
0.473;0.125;
0.473;0.125;
0.473;0.125;
0.474;0.125;
0.474;0.125;
0.474;0.125;
0.474;0.125;
0.474;0.126;
0.474;0.126;
0.474;0.127;
0.474;0.127;
0.474;0.126;
0.473;0.126;
0.473;0.126;
0.473;0.126;
0.473;0.126;
0.473;0.126;
0.473;0.126;
0.473;0.126;
0.473;0.126;
0.473;0.126;
0.473;0.126;
0.473;0.125;
0.473;0.125;
0.473;0.126;
0.473;0.126;
0.473;0.126;
0.519;0.115;
0.518;0.11;
0.518;0.105;
0.518;0.099;
0.518;0.094;
0.518;0.089;
0.519;0.084;
0.519;0.079;
0.518;0.074;
0.518;0.074;
0.518;0.07;
0.518;0.066;
0.518;0.063;
0.518;0.061;
0.518;0.059;
0.517;0.057;
0.516;0.055;
0.514;0.052;
0.512;0.049;
0.512;0.049;
0.51;0.046;
0.509;0.043;
0.508;0.04;
0.507;0.038;
0.506;0.035;
0.506;0.033;
0.505;0.031;
0.504;0.029;
0.503;0.028;
0.503;0.028;
0.501;0.027;
0.499;0.026;
0.498;0.026;
0.496;0.026;
0.494;0.026;
0.493;0.027;
0.491;0.027;
0.49;0.028;
0.489;0.028;
0.489;0.028;
0.488;0.029;
0.487;0.03;
0.486;0.031;
0.486;0.032;
0.485;0.034;
0.485;0.037;
0.485;0.039;
0.484;0.042;
0.484;0.045;
0.484;0.045;
0.484;0.048;
0.484;0.051;
0.483;0.053;
0.483;0.054;
0.482;0.054;
0.482;0.054;
0.482;0.054;
0.482;0.054;
0.481;0.054;
0.481;0.054;
0.481;0.055;
0.481;0.056;
0.481;0.058;
0.481;0.06;
0.481;0.063;
0.48;0.065;
0.48;0.066;
0.479;0.066;
0.478;0.067;
0.478;0.067;
0.478;0.067;
0.478;0.068;
0.478;0.07;
0.478;0.072;
0.479;0.074;
0.48;0.076;
0.481;0.077;
0.482;0.078;
0.483;0.079;
0.483;0.079;
0.485;0.08;
0.486;0.082;
0.488;0.084;
0.489;0.087;
0.491;0.09;
0.492;0.093;
0.493;0.096;
0.495;0.098;
0.497;0.101;
0.497;0.101;
0.498;0.103;
0.5;0.105;
0.501;0.107;
0.502;0.109;
0.503;0.11;
0.504;0.111;
0.505;0.112;
0.506;0.113;
0.507;0.115;
0.508;0.116;
0.508;0.116;
0.509;0.116;
0.509;0.117;
0.509;0.117;
0.509;0.118;
0.509;0.118;
0.509;0.118;
0.509;0.119;
0.509;0.119;
0.509;0.119;
0.51;0.119;
0.51;0.119;
0.511;0.118;
0.511;0.117;
0.512;0.116;
0.512;0.115;
0.512;0.114;
0.512;0.113;
0.511;0.111;
0.511;0.11;
0.511;0.11;
0.511;0.108;
0.511;0.107;
0.511;0.105;
0.51;0.104;
0.51;0.103;
0.51;0.102;
0.51;0.102;
0.51;0.101;
0.51;0.101;
0.51;0.101;
0.51;0.101;
0.511;0.101;
0.51;0.1;
0.51;0.1;
0.51;0.1;
0.51;0.1;
0.51;0.099;
0.511;0.099;
0.511;0.099;
0.511;0.099;
0.512;0.098;
0.512;0.098;
0.513;0.097;
0.513;0.097;
0.513;0.097;
0.513;0.097;
0.514;0.097;
0.514;0.097;
0.514;0.097;
0.514;0.097;
0.514;0.096;
0.515;0.095;
0.515;0.095;
0.515;0.095;
0.515;0.095;
0.515;0.095;
0.515;0.095;
0.515;0.095;
0.516;0.095;
0.516;0.095;
0.516;0.095;
0.516;0.094;
0.516;0.094;
0.516;0.094;
0.516;0.094;
0.516;0.094;
0.516;0.094;
0.517;0.093;
0.517;0.093;
0.517;0.093;
0.517;0.093;
0.517;0.093;
0.517;0.094;
0.517;0.094;
0.517;0.094;
0.517;0.094;
0.517;0.095;
0.517;0.095;
0.517;0.095;
0.517;0.095;
0.517;0.095;
0.517;0.095;
0.517;0.095;
0.517;0.095;
0.517;0.096;
0.517;0.096;
0.517;0.096;
0.517;0.096;
0.517;0.097;
0.517;0.097;
0.517;0.097;
0.517;0.097;
0.516;0.097;
0.516;0.097;
0.516;0.098;
0.516;0.098;
0.516;0.098;
0.516;0.099;
0.516;0.1;
0.516;0.101;
0.516;0.103;
0.516;0.104;
0.516;0.105;
0.516;0.106;
0.516;0.106;
0.516;0.106;
0.516;0.106;
0.516;0.106;
0.517;0.105;
0.517;0.105;
0.517;0.104;
0.516;0.104;
0.516;0.104;
0.516;0.104;
0.515;0.104;
0.515;0.104;
0.515;0.104;
0.515;0.105;
0.515;0.106;
0.514;0.107;
0.514;0.107;
0.514;0.108;
0.514;0.107;
0.513;0.107;
0.513;0.106;
0.513;0.106;
0.513;0.105;
0.512;0.105;
0.512;0.104;
0.512;0.104;
0.511;0.104;
0.511;0.104;
0.511;0.104;
0.51;0.105;
0.51;0.105;
0.51;0.105;
0.51;0.105;
0.51;0.106;
0.51;0.107;
0.51;0.108;
0.509;0.108;
0.51;0.109;
0.51;0.11;
0.51;0.111;
0.51;0.112;
0.51;0.112;
0.51;0.112;
0.51;0.113;
0.509;0.113;
0.509;0.113;
0.509;0.113;
0.509;0.113;
0.509;0.113;
0.508;0.114;
0.508;0.114;
0.508;0.114;
0.507;0.114;
0.507;0.114;
0.506;0.114;
0.506;0.114;
0.505;0.114;
0.505;0.114;
0.505;0.114;
0.505;0.113;
0.505;0.112;
0.505;0.112;
0.505;0.111;
0.505;0.111;
0.506;0.11;
0.506;0.109;
0.506;0.109;
0.506;0.108;
0.506;0.106;
0.506;0.106;
0.506;0.106;
0.506;0.106;
0.506;0.106;
0.506;0.106;
0.506;0.106;
0.506;0.106;
0.506;0.106;
0.506;0.106;
0.506;0.106;
0.506;0.106;
0.505;0.091;
0.505;0.091;
0.505;0.091;
0.504;0.091;
0.504;0.092;
0.503;0.092;
0.501;0.092;
0.5;0.092;
0.499;0.091;
0.498;0.089;
0.498;0.088;
0.498;0.088;
0.498;0.088;
0.497;0.088;
0.496;0.088;
0.495;0.087;
0.493;0.086;
0.492;0.085;
0.491;0.084;
0.49;0.082;
0.489;0.08;
0.489;0.08;
0.488;0.079;
0.487;0.077;
0.486;0.076;
0.486;0.075;
0.485;0.075;
0.484;0.074;
0.483;0.073;
0.483;0.072;
0.482;0.071;
0.482;0.071;
0.482;0.07;
0.482;0.069;
0.481;0.069;
0.481;0.069;
0.48;0.069;
0.48;0.07;
0.48;0.071;
0.479;0.073;
0.479;0.073;
0.479;0.073;
0.479;0.073;
0.941;0.125;
0.943;0.124;
0.945;0.122;
0.947;0.12;
0.949;0.118;
0.949;0.118;
0.951;0.115;
0.952;0.113;
0.955;0.11;
0.957;0.108;
0.959;0.106;
0.961;0.104;
0.962;0.103;
0.964;0.102;
0.966;0.101;
0.967;0.1;
0.967;0.1;
0.969;0.099;
0.971;0.098;
0.973;0.096;
0.974;0.094;
0.975;0.092;
0.977;0.088;
0.977;0.084;
0.979;0.08;
0.98;0.075;
0.98;0.075;
0.981;0.071;
0.983;0.066;
0.984;0.063;
0.985;0.061;
0.985;0.06;
0.985;0.06;
0.986;0.061;
0.986;0.062;
0.987;0.064;
0.987;0.064;
0.987;0.066;
0.988;0.068;
0.988;0.071;
0.988;0.074;
0.988;0.076;
0.988;0.078;
0.988;0.08;
0.988;0.082;
0.987;0.083;
0.987;0.083;
0.987;0.084;
0.987;0.086;
0.986;0.087;
0.985;0.089;
0.984;0.091;
0.982;0.094;
0.981;0.096;
0.979;0.098;
0.977;0.1;
0.977;0.1;
0.975;0.101;
0.972;0.102;
0.971;0.103;
0.969;0.103;
0.968;0.103;
0.966;0.104;
0.966;0.104;
0.965;0.104;
0.964;0.104;
0.964;0.104;
0.964;0.103;
0.964;0.103;
0.964;0.103;
0.964;0.102;
0.964;0.102;
0.964;0.102;
0.965;0.102;
0.965;0.102;
0.966;0.102;
0.966;0.102;
0.966;0.101;
0.966;0.101;
0.967;0.1;
0.967;0.099;
0.968;0.098;
0.968;0.097;
0.969;0.096;
0.97;0.095;
0.97;0.093;
0.97;0.093;
0.971;0.092;
0.971;0.091;
0.972;0.09;
0.972;0.089;
0.973;0.088;
0.973;0.087;
0.973;0.086;
0.974;0.085;
0.974;0.084;
0.974;0.084;
0.975;0.083;
0.975;0.082;
0.976;0.081;
0.977;0.081;
0.977;0.08;
0.978;0.079;
0.978;0.079;
0.979;0.078;
0.979;0.078;
0.979;0.078;
0.979;0.078;
0.98;0.078;
0.98;0.078;
0.981;0.078;
0.981;0.078;
0.982;0.078;
0.982;0.078;
0.982;0.078;
0.982;0.078;
0.982;0.078;
0.983;0.077;
0.983;0.077;
0.983;0.077;
0.983;0.077;
0.983;0.076;
0.983;0.077;
0.983;0.077;
0.984;0.077;
0.984;0.078;
0.984;0.078;
0.984;0.078;
0.984;0.078;
0.984;0.078;
0.984;0.078;
0.984;0.078;
0.983;0.078;
0.984;0.078;
0.984;0.077;
0.984;0.077;
0.984;0.077;
0.984;0.077;
0.985;0.077;
0.985;0.077;
0.985;0.077;
0.985;0.077;
0.986;0.077;
0.986;0.077;
0.986;0.077;
0.987;0.077;
0.987;0.077;
0.987;0.077;
0.987;0.077;
0.987;0.077;
0.988;0.077;
0.988;0.077;
0.988;0.077;
0.989;0.077;
0.989;0.077;
0.989;0.077;
0.989;0.077;
0.989;0.077;
0.99;0.077;
0.99;0.077;
0.99;0.077;
0.99;0.077;
0.99;0.078;
0.99;0.078;
0.99;0.078;
0.99;0.078;
0.99;0.078;
0.99;0.078;
0.989;0.078;
0.989;0.078;
0.989;0.078;
0.989;0.078;
0.989;0.078;
0.989;0.078;
0.989;0.078;
0.989;0.078;
0.989;0.078;
0.988;0.078;
0.988;0.078;
0.988;0.078;
0.987;0.079;
0.987;0.079;
0.987;0.079;
0.987;0.079;
0.987;0.079;
0.987;0.079;
0.987;0.079;
0.987;0.079;
0.987;0.079;
0.987;0.08;
0.987;0.08;
0.987;0.08;
0.987;0.08;
0.987;0.079;
0.987;0.079;
0.987;0.079;
0.987;0.079;
0.987;0.079;
0.987;0.079;
0.987;0.079;
0.987;0.08;
0.987;0.08;
0.987;0.08;
0.986;0.08;
0.986;0.08;
0.986;0.08;
0.986;0.08;
0.986;0.08;
0.986;0.08;
0.986;0.079;
0.986;0.079;
0.986;0.079;
0.986;0.079;
0.986;0.079;
0.986;0.079;
0.986;0.08;
0.986;0.08;
0.986;0.08;
0.985;0.08;
0.985;0.08;
0.985;0.08;
0.984;0.081;
0.984;0.081;
0.983;0.082;
0.982;0.082;
0.981;0.083;
0.981;0.083;
0.981;0.083;
0.98;0.083;
0.979;0.083;
0.979;0.084;
0.979;0.084;
0.979;0.084;
0.979;0.084;
0.979;0.085;
0.979;0.084;
0.979;0.084;
0.979;0.084;
0.979;0.084;
0.979;0.084;
0.979;0.085;
0.98;0.085;
0.98;0.085;
0.98;0.085;
0.98;0.085;
0.98;0.085;
0.98;0.085;
0.98;0.085;
0.98;0.085;
0.98;0.085;
0.98;0.085;
0.98;0.085;
0.98;0.085;
0.98;0.085;
0.98;0.085;
0.98;0.085;
0.98;0.085;
0.98;0.085;
0.98;0.085;
0.98;0.085;
0.98;0.085;
0.98;0.085;
0.98;0.085;
0.98;0.085;
0.98;0.085;
0.98;0.085;
0.98;0.085;
0.98;0.085;
0.98;0.085;
0.98;0.085;
0.98;0.085;
0.98;0.085;
0.98;0.084;
0.98;0.084;
0.98;0.085;
0.98;0.085;
0.979;0.084;
0.979;0.084;
0.979;0.084;
0.979;0.084;
0.979;0.084;
0.98;0.083;
0.98;0.083;
0.98;0.083;
0.98;0.083;
0.98;0.083;
0.98;0.083;
0.98;0.083;
0.98;0.083;
0.98;0.083;
0.979;0.083;
0.979;0.083;
0.979;0.083;
0.979;0.083;
0.979;0.083;
0.979;0.083;
0.979;0.083;
0.979;0.083;
0.979;0.083;
0.979;0.083;
0.979;0.083;
0.979;0.083;
0.979;0.083;
0.978;0.083;
0.14;0.515;
0.136;0.519;
0.132;0.523;
0.129;0.526;
0.126;0.53;
0.123;0.533;
0.12;0.537;
0.118;0.541;
0.116;0.545;
0.116;0.545;
0.114;0.549;
0.113;0.553;
0.111;0.557;
0.11;0.56;
0.109;0.564;
0.109;0.567;
0.108;0.57;
0.107;0.573;
0.106;0.576;
0.106;0.576;
0.106;0.579;
0.105;0.581;
0.105;0.583;
0.104;0.585;
0.104;0.586;
0.104;0.588;
0.104;0.59;
0.103;0.591;
0.104;0.593;
0.104;0.593;
0.104;0.594;
0.104;0.595;
0.105;0.596;
0.106;0.597;
0.106;0.598;
0.108;0.599;
0.109;0.599;
0.11;0.6;
0.112;0.601;
0.112;0.601;
0.113;0.602;
0.115;0.602;
0.117;0.602;
0.118;0.601;
0.12;0.601;
0.122;0.601;
0.123;0.601;
0.125;0.602;
0.126;0.602;
0.126;0.602;
0.128;0.603;
0.129;0.603;
0.131;0.604;
0.132;0.604;
0.133;0.604;
0.134;0.605;
0.135;0.605;
0.135;0.606;
0.136;0.606;
0.136;0.606;
0.137;0.606;
0.137;0.606;
0.138;0.606;
0.138;0.606;
0.138;0.606;
0.139;0.607;
0.139;0.607;
0.139;0.608;
0.14;0.608;
0.14;0.608;
0.14;0.608;
0.141;0.608;
0.141;0.608;
0.142;0.607;
0.143;0.607;
0.144;0.606;
0.145;0.605;
0.146;0.605;
0.147;0.604;
0.147;0.604;
0.147;0.604;
0.148;0.604;
0.148;0.604;
0.149;0.604;
0.149;0.603;
0.149;0.604;
0.15;0.604;
0.15;0.604;
0.15;0.604;
0.15;0.604;
0.149;0.603;
0.149;0.603;
0.149;0.602;
0.149;0.601;
0.149;0.601;
0.149;0.6;
0.15;0.6;
0.15;0.6;
0.15;0.601;
0.15;0.601;
0.15;0.601;
0.15;0.601;
0.15;0.601;
0.15;0.601;
0.15;0.601;
0.15;0.601;
0.15;0.602;
0.15;0.602;
0.151;0.602;
0.151;0.602;
0.151;0.602;
0.151;0.602;
0.151;0.602;
0.15;0.602;
0.15;0.602;
0.15;0.602;
0.149;0.602;
0.149;0.603;
0.149;0.603;
0.149;0.603;
0.149;0.603;
0.149;0.604;
0.149;0.604;
0.148;0.604;
0.148;0.604;
0.148;0.604;
0.148;0.604;
0.147;0.604;
0.147;0.604;
0.147;0.604;
0.147;0.604;
0.147;0.604;
0.147;0.604;
0.147;0.604;
0.146;0.604;
0.146;0.604;
0.146;0.604;
0.146;0.604;
0.146;0.604;
0.146;0.604;
0.146;0.604;
0.146;0.604;
0.146;0.604;
0.146;0.604;
0.146;0.604;
0.146;0.604;
0.146;0.604;
0.146;0.604;
0.146;0.604;
0.146;0.604;
0.146;0.604;
0.146;0.604;
0.147;0.604;
0.147;0.603;
0.147;0.602;
0.148;0.601;
0.149;0.6;
0.149;0.6;
0.15;0.6;
0.15;0.6;
0.151;0.599;
0.151;0.599;
0.151;0.599;
0.152;0.598;
0.152;0.598;
0.153;0.598;
0.153;0.597;
0.153;0.597;
0.153;0.597;
0.153;0.597;
0.153;0.597;
0.153;0.597;
0.153;0.598;
0.153;0.598;
0.153;0.598;
0.152;0.599;
0.152;0.599;
0.152;0.599;
0.151;0.6;
0.151;0.6;
0.151;0.6;
0.15;0.6;
0.15;0.6;
0.149;0.6;
0.149;0.601;
0.149;0.601;
0.148;0.601;
0.148;0.602;
0.148;0.602;
0.148;0.602;
0.148;0.602;
0.148;0.602;
0.148;0.602;
0.148;0.602;
0.148;0.602;
0.148;0.602;
0.148;0.602;
0.149;0.602;
0.149;0.602;
0.149;0.602;
0.149;0.602;
0.149;0.603;
0.149;0.602;
0.149;0.602;
0.149;0.602;
0.149;0.602;
0.15;0.602;
0.15;0.602;
0.15;0.602;
0.15;0.602;
0.15;0.602;
0.15;0.602;
0.15;0.601;
0.15;0.601;
0.15;0.601;
0.15;0.601;
0.15;0.601;
0.15;0.6;
0.15;0.6;
0.15;0.6;
0.15;0.6;
0.15;0.599;
0.15;0.599;
0.15;0.599;
0.15;0.599;
0.15;0.598;
0.15;0.598;
0.15;0.598;
0.15;0.598;
0.15;0.598;
0.15;0.598;
0.15;0.599;
0.15;0.599;
0.15;0.599;
0.15;0.599;
0.15;0.599;
0.15;0.599;
0.15;0.599;
0.15;0.599;
0.15;0.599;
0.15;0.599;
0.15;0.599;
0.15;0.599;
0.15;0.599;
0.15;0.599;
0.15;0.599;
0.15;0.599;
0.15;0.599;
0.15;0.599;
0.151;0.597;
0.151;0.597;
0.151;0.597;
0.151;0.597;
0.151;0.597;
0.151;0.597;
0.151;0.597;
0.151;0.596;
0.151;0.596;
0.151;0.596;
0.151;0.596;
0.151;0.596;
0.151;0.596;
0.15;0.596;
0.15;0.596;
0.15;0.596;
0.15;0.597;
0.15;0.597;
0.149;0.597;
0.149;0.597;
0.149;0.597;
0.149;0.597;
0.149;0.597;
0.149;0.597;
0.149;0.596;
0.149;0.596;
0.15;0.596;
0.15;0.596;
0.15;0.596;
0.15;0.596;
0.15;0.596;
0.15;0.596;
0.15;0.596;
0.151;0.596;
0.099;0.106;
0.097;0.103;
0.097;0.103;
0.095;0.101;
0.094;0.099;
0.092;0.097;
0.091;0.095;
0.089;0.094;
0.088;0.092;
0.087;0.091;
0.086;0.09;
0.086;0.089;
0.086;0.089;
0.085;0.088;
0.084;0.087;
0.083;0.086;
0.082;0.085;
0.08;0.085;
0.079;0.085;
0.078;0.085;
0.077;0.086;
0.077;0.087;
0.077;0.087;
0.076;0.088;
0.075;0.089;
0.074;0.09;
0.073;0.09;
0.073;0.09;
0.072;0.091;
0.071;0.091;
0.071;0.092;
0.07;0.092;
0.07;0.092;
0.07;0.092;
0.069;0.092;
0.068;0.091;
0.068;0.091;
0.067;0.09;
0.066;0.09;
0.066;0.089;
0.066;0.088;
0.065;0.088;
0.065;0.088;
0.065;0.087;
0.064;0.086;
0.064;0.086;
0.064;0.085;
0.064;0.085;
0.064;0.085;
0.064;0.085;
0.065;0.085;
0.065;0.085;
0.065;0.085;
0.065;0.084;
0.065;0.084;
0.065;0.084;
0.065;0.084;
0.066;0.084;
0.066;0.084;
0.066;0.084;
0.066;0.084;
0.066;0.083;
0.066;0.083;
0.066;0.083;
0.066;0.083;
0.066;0.083;
0.066;0.083;
0.066;0.083;
0.066;0.082;
0.066;0.082;
0.066;0.081;
0.066;0.081;
0.066;0.081;
0.066;0.081;
0.066;0.081;
0.066;0.081;
0.066;0.081;
0.066;0.081;
0.066;0.082;
0.066;0.082;
0.066;0.082;
0.067;0.083;
0.067;0.083;
0.067;0.083;
0.067;0.083;
0.068;0.084;
0.068;0.084;
0.069;0.083;
0.069;0.083;
0.069;0.083;
0.069;0.082;
0.07;0.082;
0.07;0.082;
0.07;0.082;
0.071;0.081;
0.071;0.081;
0.071;0.081;
0.071;0.081;
0.071;0.081;
0.071;0.081;
0.071;0.081;
0.07;0.081;
0.07;0.081;
0.07;0.08;
0.07;0.079;
0.07;0.079;
0.07;0.078;
0.07;0.078;
0.07;0.078;
0.07;0.078;
0.069;0.078;
0.069;0.078;
0.069;0.078;
0.07;0.079;
0.069;0.079;
0.069;0.079;
0.07;0.079;
0.07;0.079;
0.07;0.079;
0.07;0.079;
0.07;0.079;
0.07;0.079;
0.07;0.079;
0.07;0.079;
0.07;0.08;
0.071;0.08;
0.071;0.08;
0.071;0.08;
0.071;0.08;
0.07;0.08;
0.07;0.08;
0.07;0.08;
0.07;0.08;
0.07;0.08;
0.07;0.08;
0.07;0.081;
0.07;0.081;
0.069;0.081;
0.069;0.081;
0.069;0.081;
0.068;0.081;
0.068;0.081;
0.068;0.081;
0.068;0.081;
0.068;0.081;
0.068;0.081;
0.068;0.082;
0.068;0.082;
0.069;0.082;
0.068;0.082;
0.068;0.083;
0.069;0.083;
0.069;0.083;
0.069;0.084;
0.069;0.084;
0.068;0.084;
0.069;0.085;
0.069;0.085;
0.069;0.085;
0.069;0.085;
0.069;0.086;
0.069;0.086;
0.069;0.086;
0.069;0.086;
0.069;0.086;
0.07;0.086;
0.069;0.086;
0.069;0.086;
0.069;0.086;
0.069;0.085;
0.069;0.085;
0.069;0.084;
0.069;0.084;
0.069;0.084;
0.069;0.083;
0.069;0.083;
0.069;0.084;
0.069;0.084;
0.069;0.084;
0.069;0.084;
0.069;0.084;
0.069;0.084;
0.069;0.084;
0.069;0.084;
0.069;0.084;
0.069;0.084;
0.069;0.083;
0.069;0.084;
0.069;0.084;
0.069;0.084;
0.069;0.084;
0.069;0.084;
0.069;0.084;
0.069;0.084;
0.069;0.084;
0.069;0.084;
0.069;0.084;
0.07;0.084;
0.07;0.084;
0.069;0.084;
0.069;0.084;
0.069;0.084;
0.069;0.084;
0.07;0.084;
0.07;0.084;
0.07;0.084;
0.071;0.083;
0.071;0.084;
0.072;0.084;
0.072;0.084;
0.073;0.084;
0.073;0.084;
0.073;0.084;
0.073;0.084;
0.073;0.084;
0.073;0.084;
0.073;0.084;
0.073;0.084;
0.072;0.084;
0.072;0.084;
0.072;0.084;
0.071;0.084;
0.071;0.084;
0.071;0.084;
0.07;0.084;
0.07;0.084;
0.07;0.084;
0.069;0.084;
0.069;0.084;
0.068;0.085;
0.068;0.085;
0.068;0.085;
0.068;0.085;
0.068;0.085;
0.067;0.085;
0.067;0.085;
0.067;0.086;
0.067;0.086;
0.067;0.086;
0.067;0.086;
0.067;0.086;
0.067;0.086;
0.067;0.086;
0.067;0.086;
0.068;0.087;
0.067;0.087;
0.067;0.087;
0.067;0.087;
0.067;0.087;
0.068;0.087;
0.068;0.086;
0.068;0.086;
0.068;0.086;
0.068;0.086;
0.068;0.086;
0.068;0.086;
0.068;0.086;
0.069;0.086;
0.069;0.086;
0.069;0.086;
0.069;0.086;
0.069;0.086;
0.069;0.086;
0.069;0.086;
0.069;0.085;
0.069;0.085;
0.069;0.084;
0.07;0.084;
0.07;0.084;
0.07;0.084;
0.07;0.085;
0.07;0.085;
0.069;0.085;
0.069;0.085;
0.069;0.085;
0.07;0.086;
0.07;0.085;
0.07;0.086;
0.07;0.086;
0.07;0.086;
0.07;0.086;
0.07;0.086;
0.07;0.087;
0.07;0.087;
0.07;0.087;
0.07;0.087;
0.07;0.087;
0.07;0.087;
0.07;0.086;
0.07;0.087;
0.07;0.087;
0.07;0.087;
0.07;0.087;
0.07;0.087;
0.07;0.087;
0.07;0.086;
0.07;0.086;
0.069;0.085;
0.069;0.085;
0.069;0.085;
0.069;0.084;
0.069;0.084;
0.069;0.084;
0.069;0.084;
0.068;0.084;
0.068;0.084;
0.068;0.085;
0.068;0.085;
0.067;0.085;
0.067;0.085;
0.067;0.085;
0.067;0.085;
0.067;0.085;
0.067;0.085;
0.067;0.085;
0.067;0.085;
0.067;0.085;
0.067;0.085;
0.067;0.085;
0.067;0.085;
0.067;0.085;
0.067;0.085;
0.067;0.085;
0.067;0.085;
0.067;0.085;
0.067;0.085;
0.067;0.085;
0.067;0.085;
0.067;0.085;
0.067;0.085;
0.067;0.085;
0.067;0.085;
0.067;0.085;
0.067;0.085;
0.067;0.085;
0.066;0.084;
0.066;0.084;
0.066;0.083;
0.066;0.084;
0.066;0.084;
0.066;0.084;
0.065;0.084;
0.065;0.085;
0.065;0.085;
0.065;0.085;
0.065;0.085;
0.065;0.085;
0.065;0.085;
0.065;0.084;
0.066;0.084;
0.065;0.084;
0.065;0.084;
0.065;0.084;
0.065;0.084;
0.065;0.084;
0.065;0.084;
0.065;0.083;
0.065;0.083;
0.065;0.083;
0.065;0.082;
0.065;0.082;
0.065;0.081;
0.065;0.081;
0.065;0.081;
0.065;0.081;
0.065;0.081;
0.066;0.082;
0.066;0.082;
0.066;0.082;
0.066;0.082;
0.066;0.082;
0.066;0.082;
0.045;0.141;
0.046;0.141;
0.047;0.141;
0.048;0.141;
0.049;0.141;
0.05;0.141;
0.051;0.141;
0.051;0.141;
0.052;0.141;
0.052;0.141;
0.053;0.142;
0.054;0.141;
0.055;0.142;
0.055;0.141;
0.055;0.141;
0.055;0.141;
0.055;0.141;
0.055;0.141;
0.054;0.141;
0.054;0.141;
0.054;0.141;
0.053;0.14;
0.052;0.14;
0.052;0.139;
0.051;0.138;
0.051;0.138;
0.05;0.137;
0.05;0.137;
0.049;0.137;
0.049;0.137;
0.049;0.137;
0.049;0.137;
0.049;0.137;
0.05;0.137;
0.05;0.137;
0.05;0.137;
0.051;0.137;
0.051;0.136;
0.051;0.136;
0.051;0.136;
0.052;0.135;
0.052;0.135;
0.052;0.134;
0.051;0.133;
0.051;0.133;
0.051;0.132;
0.051;0.131;
0.051;0.131;
0.051;0.131;
0.051;0.13;
0.051;0.13;
0.051;0.13;
0.051;0.13;
0.05;0.13;
0.05;0.129;
0.05;0.129;
0.05;0.129;
0.05;0.128;
0.05;0.127;
0.05;0.127;
0.049;0.126;
0.049;0.125;
0.048;0.124;
0.048;0.124;
0.047;0.123;
0.047;0.122;
0.047;0.122;
0.046;0.121;
0.046;0.121;
0.046;0.121;
0.045;0.12;
0.045;0.12;
0.044;0.12;
0.044;0.12;
0.044;0.12;
0.044;0.12;
0.044;0.12;
0.043;0.119;
0.043;0.119;
0.043;0.119;
0.043;0.119;
0.043;0.119;
0.044;0.119;
0.044;0.119;
0.044;0.119;
0.044;0.118;
0.044;0.119;
0.044;0.118;
0.045;0.118;
0.045;0.118;
0.045;0.118;
0.045;0.118;
0.045;0.118;
0.046;0.117;
0.046;0.117;
0.046;0.117;
0.046;0.117;
0.046;0.116;
0.046;0.116;
0.046;0.116;
0.046;0.116;
0.046;0.115;
0.046;0.115;
0.046;0.115;
0.046;0.115;
0.046;0.115;
0.045;0.114;
0.045;0.113;
0.045;0.112;
0.044;0.111;
0.044;0.111;
0.045;0.111;
0.045;0.11;
0.045;0.109;
0.045;0.109;
0.045;0.109;
0.044;0.108;
0.044;0.108;
0.044;0.107;
0.044;0.107;
0.044;0.107;
0.044;0.107;
0.044;0.107;
0.044;0.107;
0.044;0.106;
0.044;0.106;
0.044;0.105;
0.044;0.104;
0.045;0.104;
0.045;0.102;
0.045;0.102;
0.045;0.101;
0.045;0.099;
0.044;0.098;
0.044;0.096;
0.044;0.094;
0.044;0.093;
0.045;0.091;
0.045;0.09;
0.045;0.089;
0.045;0.089;
0.045;0.088;
0.045;0.087;
0.045;0.087;
0.045;0.086;
0.045;0.086;
0.044;0.086;
0.044;0.086;
0.044;0.086;
0.043;0.085;
0.043;0.085;
0.043;0.084;
0.042;0.083;
0.042;0.082;
0.041;0.08;
0.04;0.079;
0.04;0.078;
0.039;0.078;
0.038;0.077;
0.038;0.077;
0.038;0.077;
0.037;0.077;
0.037;0.077;
0.036;0.077;
0.035;0.077;
0.035;0.076;
0.034;0.076;
0.033;0.075;
0.032;0.074;
0.032;0.073;
0.032;0.073;
0.031;0.073;
0.031;0.071;
0.03;0.07;
0.029;0.069;
0.029;0.068;
0.029;0.066;
0.029;0.064;
0.028;0.062;
0.028;0.06;
0.028;0.06;
0.027;0.058;
0.027;0.057;
0.027;0.056;
0.027;0.054;
0.027;0.054;
0.027;0.053;
0.027;0.052;
0.028;0.051;
0.028;0.05;
0.028;0.05;
0.027;0.05;
0.027;0.049;
0.027;0.048;
0.027;0.048;
0.027;0.048;
0.026;0.047;
0.026;0.046;
0.026;0.046;
0.025;0.045;
0.025;0.045;
0.025;0.044;
0.025;0.044;
0.024;0.044;
0.024;0.044;
0.024;0.044;
0.024;0.044;
0.023;0.044;
0.023;0.044;
0.023;0.044;
0.023;0.044;
0.023;0.045;
0.023;0.046;
0.023;0.047;
0.023;0.048;
0.023;0.048;
0.023;0.049;
0.024;0.049;
0.024;0.049;
0.024;0.049;
0.024;0.049;
0.025;0.049;
0.025;0.049;
0.025;0.049;
0.025;0.049;
0.025;0.049;
0.025;0.05;
0.025;0.05;
0.025;0.05;
0.025;0.05;
0.025;0.05;
0.024;0.05;
0.024;0.05;
0.024;0.05;
0.024;0.05;
0.024;0.05;
0.023;0.05;
0.023;0.05;
0.022;0.05;
0.022;0.05;
0.022;0.05;
0.021;0.05;
0.021;0.049;
0.021;0.049;
0.021;0.048;
0.02;0.048;
0.02;0.048;
0.02;0.048;
0.02;0.048;
0.02;0.048;
0.02;0.048;
0.02;0.049;
0.02;0.049;
0.02;0.049;
0.02;0.049;
0.02;0.049;
0.02;0.049;
0.02;0.049;
0.02;0.049;
0.02;0.049;
0.02;0.049;
0.02;0.049;
0.02;0.049;
0.02;0.049;
0.022;0.054;
0.023;0.054;
0.023;0.054;
0.023;0.054;
0.023;0.055;
0.024;0.055;
0.024;0.055;
0.024;0.055;
0.024;0.055;
0.024;0.056;
0.025;0.056;
0.025;0.056;
0.025;0.056;
0.025;0.055;
0.025;0.055;
0.025;0.056;
0.025;0.056;
0.025;0.056;
0.025;0.056;
0.025;0.056;
0.025;0.056;
0.025;0.056;
0.024;0.056;
0.024;0.055;
0.024;0.055;
0.024;0.055;
0.024;0.055;
0.024;0.056;
0.024;0.056;
0.024;0.056;
0.024;0.057;
0.024;0.057;
0.025;0.057;
0.025;0.057;
0.024;0.058;
0.025;0.058;
0.025;0.058;
0.025;0.058;
0.176;0.481;
0.174;0.486;
0.173;0.49;
0.172;0.494;
0.172;0.494;
0.171;0.498;
0.171;0.501;
0.171;0.505;
0.172;0.508;
0.173;0.511;
0.174;0.513;
0.175;0.515;
0.178;0.517;
0.18;0.519;
0.183;0.522;
0.183;0.522;
0.186;0.524;
0.19;0.526;
0.194;0.528;
0.198;0.529;
0.203;0.531;
0.207;0.533;
0.213;0.535;
0.218;0.537;
0.223;0.538;
0.223;0.538;
0.228;0.539;
0.233;0.539;
0.237;0.539;
0.241;0.539;
0.244;0.538;
0.248;0.538;
0.252;0.537;
0.256;0.536;
0.26;0.536;
0.26;0.536;
0.263;0.536;
0.263;0.536;
0.263;0.536;
0.271;0.536;
0.273;0.537;
0.273;0.537;
0.277;0.538;
0.278;0.538;
0.28;0.538;
0.28;0.538;
0.281;0.537;
0.281;0.536;
0.282;0.535;
0.281;0.534;
0.281;0.534;
0.28;0.533;
0.28;0.533;
0.279;0.533;
0.279;0.532;
0.279;0.532;
0.279;0.532;
0.279;0.532;
0.278;0.531;
0.278;0.53;
0.277;0.529;
0.276;0.528;
0.275;0.527;
0.275;0.525;
0.275;0.525;
0.275;0.525;
0.274;0.524;
0.274;0.524;
0.271;0.519;
0.27;0.518;
0.268;0.516;
0.266;0.515;
0.265;0.514;
0.263;0.513;
0.261;0.512;
0.261;0.512;
0.259;0.51;
0.256;0.509;
0.253;0.508;
0.25;0.507;
0.247;0.506;
0.245;0.506;
0.242;0.506;
0.24;0.506;
0.238;0.506;
0.238;0.506;
0.236;0.506;
0.234;0.507;
0.232;0.507;
0.23;0.507;
0.229;0.508;
0.228;0.508;
0.227;0.508;
0.226;0.508;
0.225;0.508;
0.225;0.508;
0.224;0.509;
0.223;0.509;
0.222;0.509;
0.221;0.51;
0.221;0.51;
0.221;0.511;
0.22;0.512;
0.22;0.512;
0.22;0.512;
0.22;0.512;
0.22;0.512;
0.22;0.513;
0.221;0.513;
0.221;0.513;
0.222;0.513;
0.222;0.513;
0.223;0.513;
0.223;0.512;
0.223;0.512;
0.223;0.512;
0.223;0.512;
0.223;0.512;
0.223;0.512;
0.224;0.512;
0.224;0.511;
0.224;0.511;
0.223;0.511;
0.223;0.51;
0.223;0.51;
0.223;0.51;
0.222;0.51;
0.222;0.51;
0.223;0.51;
0.223;0.509;
0.222;0.509;
0.222;0.508;
0.222;0.507;
0.221;0.506;
0.221;0.506;
0.221;0.506;
0.221;0.505;
0.221;0.504;
0.221;0.504;
0.221;0.503;
0.221;0.503;
0.221;0.503;
0.221;0.503;
0.221;0.503;
0.221;0.504;
0.221;0.504;
0.221;0.504;
0.222;0.504;
0.222;0.504;
0.222;0.504;
0.222;0.504;
0.223;0.504;
0.223;0.504;
0.223;0.504;
0.223;0.505;
0.223;0.505;
0.223;0.505;
0.223;0.505;
0.223;0.505;
0.224;0.506;
0.224;0.506;
0.224;0.506;
0.224;0.506;
0.224;0.506;
0.224;0.506;
0.224;0.506;
0.224;0.506;
0.224;0.506;
0.224;0.506;
0.224;0.506;
0.224;0.506;
0.224;0.506;
0.224;0.506;
0.224;0.506;
0.225;0.506;
0.225;0.506;
0.225;0.506;
0.225;0.506;
0.225;0.506;
0.225;0.505;
0.225;0.505;
0.226;0.505;
0.226;0.505;
0.226;0.504;
0.226;0.504;
0.226;0.504;
0.226;0.504;
0.226;0.504;
0.226;0.504;
0.226;0.504;
0.226;0.504;
0.226;0.504;
0.226;0.504;
0.226;0.504;
0.226;0.505;
0.226;0.505;
0.226;0.504;
0.225;0.504;
0.225;0.504;
0.225;0.505;
0.225;0.505;
0.225;0.505;
0.224;0.505;
0.224;0.505;
0.224;0.505;
0.224;0.505;
0.224;0.505;
0.224;0.504;
0.224;0.504;
0.224;0.504;
0.224;0.504;
0.224;0.504;
0.224;0.504;
0.224;0.504;
0.224;0.504;
0.224;0.504;
0.224;0.504;
0.224;0.504;
0.224;0.504;
0.224;0.504;
0.224;0.504;
0.224;0.504;
0.224;0.504;
0.224;0.504;
0.224;0.504;
0.224;0.504;
0.224;0.504;
0.224;0.504;
0.224;0.504;
0.224;0.504;
0.224;0.504;
0.224;0.504;
0.224;0.504;
0.224;0.504;
0.224;0.504;
0.224;0.504;
0.224;0.504;
0.224;0.504;
0.226;0.5;
0.226;0.5;
0.226;0.5;
0.226;0.5;
0.226;0.5;
0.226;0.5;
0.226;0.5;
0.226;0.5;
0.227;0.5;
0.227;0.501;
0.227;0.501;
0.227;0.501;
0.227;0.5;
0.227;0.5;
0.227;0.5;
0.227;0.499;
0.227;0.499;
0.226;0.498;
0.226;0.498;
0.226;0.498;
0.226;0.498;
0.226;0.498;
0.226;0.498;
0.226;0.498;
0.226;0.498;
0.226;0.498;
0.226;0.499;
0.226;0.499;
0.226;0.498;
0.226;0.498;
0.225;0.498;
0.225;0.498;
0.225;0.498;
0.225;0.498;
0.225;0.498;
0.225;0.498;
0.225;0.498;
0.225;0.498;
0.225;0.498;
0.225;0.498;
0.225;0.498;
0.225;0.498;
0.225;0.498;
0.225;0.497;
0.225;0.497;
0.225;0.496;
0.225;0.496;
0.225;0.496;
0.225;0.496;
0.226;0.496;
0.178;0.473;
0.178;0.473;
0.177;0.473;
0.177;0.473;
0.177;0.473;
0.176;0.473;
0.176;0.473;
0.176;0.473;
0.175;0.473;
0.174;0.473;
0.174;0.473;
0.173;0.473;
0.173;0.473;
0.172;0.473;
0.172;0.473;
0.171;0.472;
0.17;0.472;
0.17;0.472;
0.17;0.471;
0.169;0.471;
0.169;0.472;
0.168;0.472;
0.168;0.472;
0.167;0.472;
0.167;0.472;
0.166;0.472;
0.166;0.472;
0.166;0.472;
0.165;0.472;
0.165;0.472;
0.165;0.472;
0.164;0.472;
0.164;0.472;
0.164;0.471;
0.163;0.471;
0.163;0.471;
0.162;0.471;
0.162;0.471;
0.162;0.471;
0.162;0.471;
0.162;0.471;
0.162;0.471;
0.162;0.472;
0.162;0.472;
0.161;0.473;
0.161;0.473;
0.161;0.474;
0.161;0.474;
0.161;0.474;
0.161;0.474;
0.16;0.474;
0.16;0.474;
0.159;0.474;
0.158;0.474;
0.158;0.475;
0.157;0.475;
0.156;0.476;
0.156;0.476;
0.156;0.476;
0.155;0.477;
0.154;0.477;
0.154;0.477;
0.153;0.478;
0.152;0.478;
0.152;0.478;
0.151;0.479;
0.151;0.479;
0.151;0.479;
0.15;0.479;
0.15;0.48;
0.149;0.48;
0.149;0.48;
0.148;0.48;
0.147;0.481;
0.147;0.481;
0.146;0.482;
0.146;0.483;
0.146;0.483;
0.146;0.483;
0.146;0.484;
0.146;0.484;
0.146;0.484;
0.146;0.484;
0.146;0.485;
0.146;0.485;
0.146;0.485;
0.146;0.485;
0.146;0.485;
0.146;0.485;
0.146;0.485;
0.146;0.485;
0.146;0.485;
0.146;0.485;
0.147;0.485;
0.147;0.485;
0.147;0.486;
0.147;0.486;
0.147;0.486;
0.147;0.485;
0.148;0.486;
0.148;0.486;
0.148;0.486;
0.148;0.487;
0.148;0.487;
0.148;0.487;
0.148;0.487;
0.148;0.487;
0.148;0.487;
0.148;0.487;
0.147;0.487;
0.147;0.488;
0.147;0.488;
0.147;0.488;
0.147;0.488;
0.146;0.488;
0.146;0.488;
0.146;0.488;
0.146;0.488;
0.146;0.487;
0.145;0.487;
0.145;0.485;
0.145;0.485;
0.144;0.485;
0.144;0.485;
0.142;0.483;
0.142;0.483;
0.141;0.483;
0.141;0.483;
0.141;0.483;
0.141;0.483;
0.141;0.484;
0.141;0.484;
0.14;0.484;
0.14;0.484;
0.14;0.485;
0.14;0.485;
0.14;0.486;
0.14;0.486;
0.141;0.486;
0.14;0.486;
0.14;0.486;
0.141;0.486;
0.14;0.486;
0.141;0.486;
0.141;0.486;
0.141;0.486;
0.141;0.486;
0.141;0.486;
0.141;0.486;
0.141;0.485;
0.141;0.485;
0.14;0.485;
0.14;0.485;
0.14;0.485;
0.14;0.485;
0.141;0.485;
0.141;0.485;
0.141;0.485;
0.14;0.484;
0.14;0.484;
0.14;0.484;
0.14;0.483;
0.14;0.483;
0.14;0.483;
0.14;0.483;
0.14;0.482;
0.14;0.482;
0.14;0.482;
0.141;0.482;
0.141;0.482;
0.141;0.481;
0.141;0.481;
0.141;0.481;
0.141;0.481;
0.141;0.481;
0.141;0.48;
0.141;0.48;
0.141;0.48;
0.141;0.48;
0.141;0.48;
0.141;0.479;
0.141;0.479;
0.141;0.479;
0.141;0.479;
0.141;0.479;
0.141;0.479;
0.141;0.479;
0.141;0.479;
0.141;0.48;
0.141;0.479;
0.14;0.479;
0.14;0.479;
0.14;0.478;
0.14;0.478;
0.14;0.478;
0.14;0.478;
0.14;0.477;
0.14;0.477;
0.14;0.477;
0.139;0.477;
0.139;0.477;
0.139;0.477;
0.139;0.477;
0.139;0.477;
0.139;0.478;
0.139;0.478;
0.139;0.478;
0.139;0.478;
0.139;0.478;
0.138;0.478;
0.138;0.478;
0.138;0.478;
0.138;0.478;
0.138;0.477;
0.138;0.477;
0.138;0.477;
0.138;0.477;
0.138;0.477;
0.138;0.477;
0.137;0.478;
0.138;0.478;
0.138;0.478;
0.138;0.478;
0.138;0.478;
0.138;0.478;
0.138;0.477;
0.138;0.477;
0.138;0.477;
0.138;0.477;
0.138;0.477;
0.138;0.477;
0.138;0.477;
0.138;0.477;
0.138;0.477;
0.138;0.477;
0.138;0.477;
0.138;0.477;
0.138;0.477;
0.138;0.477;
0.138;0.477;
0.138;0.478;
0.138;0.478;
0.138;0.478;
0.138;0.478;
0.138;0.478;
0.138;0.478;
0.138;0.478;
0.139;0.478;
0.139;0.478;
0.139;0.478;
0.139;0.478;
0.14;0.478;
0.14;0.479;
0.14;0.478;
0.14;0.478;
0.14;0.478;
0.141;0.478;
0.141;0.478;
0.141;0.478;
0.141;0.478;
0.141;0.478;
0.141;0.478;
0.141;0.478;
0.141;0.478;
0.141;0.478;
0.141;0.478;
0.141;0.478;
0.141;0.478;
0.14;0.478;
0.14;0.478;
0.14;0.478;
0.14;0.478;
0.14;0.478;
0.14;0.478;
0.14;0.478;
0.14;0.478;
0.14;0.478;
0.14;0.478;
0.14;0.478;
0.14;0.478;
0.14;0.478;
0.14;0.478;
0.14;0.478;
0.14;0.478;
0.14;0.478;
0.14;0.478;
0.14;0.478;
0.14;0.478;
0.14;0.478;
0.14;0.478;
0.14;0.478;
0.14;0.478;
0.14;0.478;
0.14;0.478;
0.14;0.479;
0.141;0.479;
0.141;0.479;
0.141;0.479;
0.141;0.479;
0.141;0.479;
0.141;0.479;
0.141;0.48;
0.141;0.48;
0.141;0.479;
0.141;0.479;
0.141;0.479;
0.141;0.479;
0.141;0.479;
0.141;0.479;
0.141;0.479;
0.141;0.479;
0.141;0.479;
0.141;0.479;
0.141;0.479;
0.141;0.479;
0.142;0.479;
0.141;0.479;
0.142;0.478;
0.142;0.478;
0.141;0.478;
0.142;0.477;
0.142;0.477;
0.142;0.477;
0.142;0.477;
0.142;0.477;
0.142;0.477;
0.142;0.477;
0.142;0.477;
0.142;0.477;
0.142;0.477;
0.142;0.477;
0.142;0.477;
0.142;0.477;
0.435;0.753;
0.435;0.755;
0.435;0.757;
0.434;0.758;
0.434;0.759;
0.434;0.759;
0.433;0.761;
0.433;0.761;
0.433;0.762;
0.432;0.763;
0.432;0.763;
0.432;0.764;
0.432;0.764;
0.432;0.764;
0.432;0.764;
0.432;0.764;
0.432;0.764;
0.432;0.764;
0.432;0.763;
0.432;0.763;
0.432;0.763;
0.432;0.763;
0.432;0.762;
0.432;0.762;
0.432;0.761;
0.431;0.76;
0.431;0.76;
0.431;0.76;
0.431;0.759;
0.431;0.758;
0.431;0.758;
0.43;0.757;
0.43;0.757;
0.43;0.756;
0.429;0.756;
0.429;0.756;
0.429;0.755;
0.429;0.755;
0.429;0.754;
0.429;0.754;
0.428;0.754;
0.428;0.753;
0.428;0.754;
0.428;0.754;
0.428;0.754;
0.428;0.754;
0.428;0.754;
0.428;0.754;
0.429;0.753;
0.429;0.753;
0.429;0.753;
0.429;0.752;
0.43;0.752;
0.43;0.752;
0.43;0.752;
0.43;0.751;
0.43;0.751;
0.43;0.751;
0.43;0.751;
0.431;0.75;
0.431;0.75;
0.431;0.75;
0.431;0.749;
0.431;0.749;
0.431;0.749;
0.431;0.749;
0.431;0.749;
0.431;0.749;
0.431;0.749;
0.432;0.748;
0.431;0.748;
0.432;0.747;
0.432;0.748;
0.432;0.747;
0.432;0.747;
0.432;0.747;
0.432;0.747;
0.432;0.747;
0.432;0.747;
0.432;0.747;
0.432;0.747;
0.432;0.746;
0.432;0.746;
0.432;0.746;
0.432;0.745;
0.432;0.745;
0.432;0.745;
0.432;0.745;
0.432;0.745;
0.432;0.745;
0.432;0.745;
0.432;0.744;
0.432;0.744;
0.432;0.744;
0.432;0.744;
0.433;0.744;
0.433;0.744;
0.433;0.744;
0.433;0.744;
0.433;0.744;
0.433;0.744;
0.433;0.743;
0.433;0.743;
0.433;0.743;
0.433;0.743;
0.433;0.743;
0.433;0.743;
0.434;0.743;
0.434;0.743;
0.434;0.743;
0.434;0.743;
0.434;0.743;
0.434;0.743;
0.434;0.743;
0.434;0.743;
0.434;0.743;
0.434;0.743;
0.434;0.743;
0.434;0.743;
0.434;0.743;
0.434;0.743;
0.434;0.743;
0.434;0.743;
0.434;0.743;
0.434;0.744;
0.434;0.744;
0.434;0.744;
0.434;0.744;
0.434;0.745;
0.434;0.745;
0.434;0.745;
0.434;0.745;
0.434;0.745;
0.434;0.745;
0.434;0.745;
0.434;0.745;
0.434;0.746;
0.434;0.746;
0.434;0.746;
0.434;0.747;
0.434;0.747;
0.434;0.747;
0.434;0.747;
0.434;0.747;
0.434;0.747;
0.434;0.747;
0.434;0.747;
0.434;0.747;
0.434;0.747;
0.434;0.747;
0.434;0.747;
0.434;0.747;
0.434;0.747;
0.435;0.748;
0.435;0.748;
0.435;0.748;
0.435;0.748;
0.435;0.748;
0.435;0.748;
0.435;0.748;
0.435;0.748;
0.435;0.748;
0.435;0.748;
0.435;0.748;
0.435;0.748;
0.435;0.748;
0.435;0.748;
0.435;0.748;
0.435;0.748;
0.435;0.748;
0.435;0.748;
0.435;0.748;
0.435;0.747;
0.435;0.747;
0.435;0.747;
0.435;0.747;
0.435;0.747;
0.435;0.747;
0.435;0.747;
0.435;0.747;
0.435;0.747;
0.435;0.747;
0.435;0.747;
0.435;0.747;
0.435;0.747;
0.435;0.747;
0.435;0.747;
0.435;0.748;
0.435;0.748;
0.435;0.748;
0.435;0.748;
0.435;0.749;
0.435;0.749;
0.435;0.749;
0.435;0.749;
0.435;0.749;
0.435;0.749;
0.435;0.749;
0.435;0.749;
0.435;0.749;
0.435;0.749;
0.435;0.749;
0.435;0.748;
0.435;0.748;
0.435;0.748;
0.435;0.748;
0.435;0.748;
0.435;0.748;
0.435;0.748;
0.435;0.748;
0.435;0.748;
0.435;0.748;
0.435;0.748;
0.435;0.748;
0.435;0.748;
0.435;0.748;
0.435;0.748;
0.435;0.748;
0.435;0.748;
0.435;0.748;
0.435;0.748;
0.435;0.748;
0.435;0.748;
0.435;0.747;
0.435;0.748;
0.435;0.748;
0.435;0.748;
0.435;0.748;
0.435;0.748;
0.435;0.748;
0.436;0.748;
0.436;0.747;
0.436;0.747;
0.436;0.747;
0.436;0.747;
0.436;0.747;
0.436;0.747;
0.436;0.747;
0.436;0.747;
0.436;0.747;
0.436;0.747;
0.436;0.747;
0.436;0.747;
0.436;0.747;
0.436;0.747;
0.436;0.747;
0.436;0.747;
0.436;0.747;
0.436;0.747;
0.436;0.747;
0.436;0.747;
0.436;0.747;
0.436;0.747;
0.436;0.747;
0.436;0.747;
0.436;0.747;
0.436;0.747;
0.436;0.747;
0.436;0.747;
0.436;0.747;
0.436;0.747;
0.436;0.747;
0.436;0.747;
0.437;0.746;
0.437;0.746;
0.437;0.746;
0.437;0.746;
0.437;0.746;
0.437;0.746;
0.437;0.747;
0.437;0.747;
0.437;0.747;
0.437;0.747;
0.437;0.747;
0.437;0.747;
0.437;0.747;
0.437;0.747;
0.437;0.747;
0.437;0.748;
0.436;0.748;
0.436;0.748;
0.436;0.748;
0.436;0.748;
0.436;0.748;
0.436;0.748;
0.436;0.748;
0.436;0.748;
0.436;0.748;
0.436;0.748;
0.436;0.748;
0.436;0.748;
0.436;0.748;
0.436;0.748;
0.436;0.747;
0.437;0.747;
0.437;0.747;
0.437;0.747;
0.437;0.746;
0.436;0.746;
0.436;0.746;
0.436;0.746;
0.436;0.746;
0.436;0.747;
0.436;0.747;
0.436;0.747;
0.436;0.747;
0.436;0.747;
0.436;0.747;
0.436;0.747;
0.436;0.747;
0.436;0.747;
0.436;0.747;
0.436;0.747;
0.436;0.747;
0.436;0.747;
0.436;0.747;
0.436;0.747;
0.436;0.747;
0.436;0.747;
0.436;0.748;
0.436;0.748;
0.436;0.748;
0.436;0.747;
0.863;0.452;
0.863;0.453;
0.863;0.454;
0.863;0.455;
0.863;0.456;
0.863;0.456;
0.862;0.457;
0.861;0.458;
0.86;0.459;
0.86;0.459;
0.859;0.46;
0.858;0.461;
0.856;0.462;
0.856;0.464;
0.855;0.465;
0.854;0.467;
0.853;0.468;
0.852;0.471;
0.852;0.471;
0.852;0.473;
0.851;0.475;
0.85;0.477;
0.85;0.478;
0.85;0.479;
0.85;0.48;
0.85;0.481;
0.85;0.482;
0.85;0.483;
0.851;0.483;
0.851;0.483;
0.851;0.484;
0.852;0.485;
0.852;0.486;
0.853;0.487;
0.854;0.488;
0.855;0.489;
0.856;0.49;
0.857;0.49;
0.857;0.49;
0.858;0.491;
0.859;0.492;
0.861;0.493;
0.862;0.493;
0.863;0.494;
0.864;0.495;
0.864;0.495;
0.865;0.495;
0.865;0.495;
0.866;0.496;
0.866;0.496;
0.866;0.496;
0.866;0.497;
0.866;0.498;
0.866;0.5;
0.865;0.501;
0.865;0.502;
0.864;0.504;
0.864;0.505;
0.864;0.506;
0.864;0.506;
0.864;0.508;
0.863;0.509;
0.863;0.511;
0.862;0.513;
0.862;0.515;
0.861;0.516;
0.861;0.518;
0.861;0.519;
0.861;0.519;
0.86;0.52;
0.86;0.521;
0.86;0.522;
0.86;0.523;
0.86;0.524;
0.86;0.524;
0.859;0.525;
0.859;0.525;
0.859;0.525;
0.858;0.526;
0.858;0.526;
0.858;0.527;
0.857;0.528;
0.856;0.529;
0.855;0.53;
0.855;0.532;
0.854;0.533;
0.853;0.535;
0.853;0.536;
0.853;0.536;
0.852;0.538;
0.851;0.539;
0.85;0.54;
0.849;0.542;
0.849;0.543;
0.849;0.544;
0.848;0.545;
0.848;0.546;
0.847;0.546;
0.847;0.547;
0.847;0.547;
0.847;0.548;
0.847;0.548;
0.847;0.548;
0.847;0.549;
0.847;0.549;
0.847;0.549;
0.848;0.548;
0.849;0.547;
0.851;0.546;
0.851;0.546;
0.853;0.544;
0.856;0.543;
0.858;0.542;
0.86;0.542;
0.862;0.541;
0.864;0.54;
0.865;0.539;
0.867;0.539;
0.868;0.54;
0.868;0.54;
0.868;0.54;
0.869;0.54;
0.869;0.541;
0.868;0.541;
0.867;0.542;
0.866;0.543;
0.866;0.543;
0.865;0.543;
0.864;0.542;
0.864;0.542;
0.864;0.542;
0.863;0.542;
0.862;0.542;
0.861;0.541;
0.86;0.542;
0.86;0.542;
0.86;0.542;
0.86;0.542;
0.86;0.541;
0.86;0.541;
0.86;0.541;
0.86;0.541;
0.86;0.541;
0.86;0.541;
0.86;0.541;
0.861;0.54;
0.861;0.54;
0.861;0.54;
0.862;0.539;
0.862;0.539;
0.861;0.539;
0.861;0.538;
0.861;0.538;
0.86;0.538;
0.859;0.538;
0.859;0.537;
0.858;0.537;
0.857;0.537;
0.857;0.537;
0.856;0.537;
0.856;0.537;
0.854;0.537;
0.853;0.537;
0.852;0.537;
0.852;0.537;
0.852;0.537;
0.851;0.537;
0.851;0.536;
0.851;0.537;
0.851;0.537;
0.85;0.537;
0.85;0.537;
0.85;0.537;
0.85;0.537;
0.85;0.537;
0.85;0.537;
0.85;0.537;
0.85;0.537;
0.85;0.537;
0.85;0.537;
0.85;0.536;
0.85;0.536;
0.851;0.536;
0.851;0.536;
0.851;0.535;
0.852;0.535;
0.852;0.535;
0.852;0.534;
0.852;0.534;
0.852;0.534;
0.853;0.534;
0.854;0.533;
0.854;0.533;
0.855;0.533;
0.855;0.532;
0.855;0.532;
0.855;0.531;
0.856;0.531;
0.856;0.53;
0.856;0.53;
0.856;0.53;
0.857;0.529;
0.857;0.529;
0.857;0.528;
0.857;0.528;
0.857;0.528;
0.857;0.528;
0.857;0.528;
0.858;0.528;
0.858;0.528;
0.858;0.527;
0.858;0.527;
0.858;0.527;
0.859;0.527;
0.859;0.526;
0.859;0.526;
0.86;0.525;
0.861;0.524;
0.861;0.524;
0.861;0.524;
0.862;0.523;
0.862;0.523;
0.862;0.522;
0.862;0.522;
0.863;0.521;
0.863;0.521;
0.863;0.52;
0.862;0.52;
0.862;0.519;
0.862;0.519;
0.862;0.519;
0.861;0.518;
0.86;0.518;
0.86;0.518;
0.859;0.519;
0.859;0.519;
0.858;0.519;
0.858;0.519;
0.857;0.519;
0.856;0.519;
0.856;0.519;
0.855;0.519;
0.855;0.519;
0.854;0.519;
0.853;0.519;
0.853;0.519;
0.852;0.52;
0.852;0.52;
0.851;0.521;
0.851;0.521;
0.85;0.521;
0.85;0.522;
0.849;0.522;
0.849;0.522;
0.849;0.522;
0.849;0.522;
0.848;0.522;
0.848;0.522;
0.848;0.522;
0.848;0.522;
0.848;0.522;
0.848;0.521;
0.847;0.522;
0.847;0.522;
0.847;0.521;
0.847;0.521;
0.847;0.521;
0.847;0.521;
0.846;0.521;
0.847;0.521;
0.847;0.521;
0.847;0.521;
0.847;0.52;
0.847;0.52;
0.847;0.52;
0.847;0.52;
0.847;0.519;
0.847;0.519;
0.847;0.519;
0.847;0.519;
0.847;0.519;
0.847;0.519;
0.847;0.519;
0.847;0.518;
0.847;0.518;
0.847;0.518;
0.847;0.518;
0.847;0.518;
0.847;0.518;
0.848;0.517;
0.848;0.517;
0.848;0.516;
0.848;0.516;
0.848;0.515;
0.848;0.515;
0.848;0.515;
0.848;0.514;
0.848;0.514;
0.848;0.513;
0.848;0.513;
0.848;0.513;
0.848;0.513;
0.848;0.513;
0.848;0.513;
0.848;0.513;
0.848;0.513;
0.848;0.513;
0.848;0.513;
0.848;0.513;
0.848;0.513;
0.848;0.513;
0.848;0.513;
0.848;0.513;
0.848;0.513;
0.848;0.513;
0.848;0.513;
0.848;0.513;
0.848;0.513;
0.848;0.513;
0.848;0.513;
0.848;0.513;
0.848;0.513;
0.848;0.513;
0.848;0.513;
0.848;0.513;
0.848;0.513;
0.848;0.513;
0.848;0.513;
0.848;0.513;
0.848;0.513;
0.848;0.513;
0.848;0.513;
0.848;0.513;
0.847;0.509;
0.847;0.509;
0.847;0.51;
0.847;0.51;
0.847;0.51;
0.847;0.51;
0.847;0.51;
0.847;0.51;
0.846;0.51;
0.846;0.51;
0.846;0.51;
0.846;0.51;
0.846;0.51;
0.847;0.51;
0.847;0.51;
0.847;0.51;
0.847;0.51;
0.847;0.51;
0.847;0.51;
0.847;0.51;
0.847;0.51;
0.847;0.51;
0.847;0.51;
0.847;0.51;
0.847;0.509;
0.847;0.509;
0.847;0.509;
0.847;0.509;
0.846;0.509;
0.846;0.509;
0.846;0.509;
0.441;0.896;
0.442;0.897;
0.444;0.897;
0.445;0.898;
0.445;0.898;
0.446;0.898;
0.447;0.899;
0.448;0.9;
0.449;0.9;
0.45;0.901;
0.451;0.902;
0.452;0.902;
0.453;0.903;
0.453;0.904;
0.453;0.904;
0.454;0.904;
0.455;0.904;
0.455;0.904;
0.456;0.904;
0.457;0.904;
0.457;0.904;
0.458;0.903;
0.458;0.902;
0.459;0.902;
0.459;0.902;
0.459;0.901;
0.459;0.901;
0.46;0.901;
0.46;0.9;
0.461;0.9;
0.461;0.899;
0.461;0.899;
0.462;0.899;
0.462;0.899;
0.462;0.899;
0.462;0.899;
0.462;0.899;
0.462;0.899;
0.462;0.899;
0.462;0.899;
0.462;0.899;
0.462;0.899;
0.462;0.899;
0.462;0.899;
0.462;0.899;
0.462;0.899;
0.462;0.899;
0.465;0.897;
0.465;0.897;
0.466;0.897;
0.466;0.897;
0.467;0.897;
0.467;0.897;
0.467;0.897;
0.467;0.897;
0.468;0.897;
0.468;0.897;
0.469;0.897;
0.469;0.898;
0.47;0.898;
0.47;0.898;
0.47;0.898;
0.47;0.898;
0.471;0.898;
0.471;0.898;
0.471;0.898;
0.471;0.898;
0.471;0.898;
0.471;0.899;
0.471;0.899;
0.471;0.9;
0.471;0.9;
0.47;0.9;
0.47;0.9;
0.47;0.9;
0.47;0.9;
0.469;0.9;
0.469;0.9;
0.469;0.899;
0.469;0.899;
0.469;0.899;
0.469;0.899;
0.468;0.899;
0.469;0.899;
0.469;0.9;
0.469;0.9;
0.469;0.9;
0.469;0.899;
0.469;0.899;
0.469;0.899;
0.47;0.899;
0.47;0.899;
0.47;0.899;
0.47;0.898;
0.47;0.898;
0.47;0.898;
0.471;0.898;
0.471;0.897;
0.471;0.897;
0.471;0.897;
0.471;0.897;
0.471;0.897;
0.472;0.897;
0.472;0.897;
0.472;0.897;
0.472;0.897;
0.472;0.897;
0.472;0.897;
0.472;0.896;
0.471;0.897;
0.471;0.896;
0.471;0.896;
0.471;0.896;
0.471;0.896;
0.471;0.896;
0.471;0.896;
0.471;0.896;
0.47;0.896;
0.47;0.895;
0.47;0.896;
0.47;0.896;
0.469;0.896;
0.469;0.897;
0.468;0.897;
0.468;0.897;
0.468;0.897;
0.467;0.898;
0.467;0.898;
0.466;0.898;
0.466;0.898;
0.466;0.898;
0.466;0.898;
0.466;0.898;
0.466;0.898;
0.466;0.898;
0.466;0.898;
0.466;0.898;
0.466;0.898;
0.466;0.898;
0.466;0.898;
0.467;0.898;
0.467;0.898;
0.467;0.898;
0.468;0.898;
0.468;0.898;
0.468;0.898;
0.469;0.898;
0.469;0.898;
0.469;0.898;
0.469;0.898;
0.469;0.898;
0.47;0.898;
0.47;0.898;
0.47;0.898;
0.47;0.898;
0.47;0.898;
0.47;0.898;
0.47;0.898;
0.469;0.898;
0.469;0.897;
0.469;0.897;
0.469;0.897;
0.468;0.897;
0.468;0.897;
0.468;0.897;
0.468;0.897;
0.467;0.897;
0.467;0.897;
0.467;0.897;
0.467;0.897;
0.467;0.897;
0.467;0.897;
0.467;0.897;
0.467;0.897;
0.467;0.896;
0.467;0.896;
0.467;0.896;
0.467;0.896;
0.467;0.896;
0.467;0.896;
0.467;0.896;
0.467;0.896;
0.467;0.896;
0.467;0.896;
0.467;0.896;
0.467;0.896;
0.467;0.897;
0.467;0.897;
0.467;0.897;
0.466;0.897;
0.466;0.898;
0.466;0.898;
0.466;0.898;
0.466;0.898;
0.466;0.898;
0.466;0.898;
0.466;0.898;
0.466;0.898;
0.465;0.899;
0.465;0.899;
0.465;0.899;
0.465;0.899;
0.465;0.899;
0.465;0.899;
0.465;0.899;
0.465;0.899;
0.465;0.899;
0.465;0.899;
0.465;0.899;
0.465;0.899;
0.465;0.899;
0.465;0.899;
0.465;0.899;
0.465;0.899;
0.465;0.899;
0.465;0.899;
0.465;0.899;
0.465;0.899;
0.465;0.899;
0.466;0.899;
0.465;0.899;
0.465;0.899;
0.465;0.899;
0.465;0.899;
0.465;0.899;
0.465;0.899;
0.465;0.899;
0.465;0.899;
0.465;0.899;
0.465;0.899;
0.464;0.899;
0.464;0.899;
0.464;0.899;
0.464;0.899;
0.464;0.899;
0.464;0.899;
0.464;0.899;
0.464;0.899;
0.464;0.899;
0.464;0.899;
0.464;0.899;
0.464;0.898;
0.464;0.898;
0.464;0.898;
0.464;0.898;
0.464;0.898;
0.464;0.898;
0.464;0.899;
0.464;0.899;
0.464;0.899;
0.464;0.899;
0.464;0.899;
0.464;0.899;
0.464;0.899;
0.464;0.899;
0.464;0.9;
0.464;0.9;
0.464;0.9;
0.464;0.9;
0.464;0.899;
0.464;0.899;
0.464;0.899;
0.463;0.899;
0.463;0.899;
0.463;0.898;
0.463;0.898;
0.463;0.898;
0.463;0.898;
0.463;0.898;
0.463;0.898;
0.464;0.898;
0.464;0.898;
0.464;0.898;
0.464;0.898;
0.464;0.898;
0.464;0.898;
0.464;0.898;
0.464;0.898;
0.464;0.898;
0.464;0.898;
0.464;0.898;
0.464;0.898;
0.464;0.897;
0.464;0.897;
0.464;0.897;
0.464;0.897;
0.464;0.897;
0.464;0.897;
0.464;0.897;
0.464;0.897;
0.464;0.896;
0.464;0.896;
0.464;0.896;
0.464;0.896;
0.464;0.896;
0.464;0.896;
0.463;0.896;
0.463;0.896;
0.463;0.896;
0.463;0.896;
0.463;0.896;
0.463;0.896;
0.463;0.895;
0.463;0.895;
0.463;0.895;
0.463;0.895;
0.463;0.895;
0.463;0.895;
0.463;0.895;
0.463;0.895;
0.463;0.895;
0.462;0.895;
0.463;0.895;
0.462;0.895;
0.462;0.895;
0.462;0.895;
0.462;0.895;
0.462;0.895;
0.462;0.895;
0.462;0.895;
0.462;0.895;
0.462;0.895;
0.462;0.895;
0.462;0.895;
0.461;0.894;
0.461;0.894;
0.461;0.894;
0.461;0.894;
0.461;0.893;
0.46;0.893;
0.459;0.893;
0.459;0.893;
0.458;0.893;
0.456;0.893;
0.455;0.893;
0.453;0.893;
0.453;0.893;
0.451;0.894;
0.449;0.894;
0.447;0.895;
0.444;0.895;
0.442;0.895;
0.44;0.895;
0.438;0.895;
0.436;0.895;
0.434;0.896;
0.434;0.896;
0.432;0.896;
0.43;0.896;
0.428;0.896;
0.427;0.896;
0.426;0.896;
0.425;0.896;
0.424;0.897;
0.424;0.897;
0.424;0.897;
0.424;0.897;
0.424;0.897;
0.424;0.897;
0.424;0.896;
0.425;0.896;
0.425;0.896;
0.425;0.896;
0.426;0.896;
0.426;0.896;
0.427;0.895;
0.427;0.895;
0.427;0.895;
0.428;0.895;
0.428;0.895;
0.428;0.895;
0.428;0.895;
0.428;0.895;
0.429;0.895;
0.429;0.895;
0.429;0.895;
0.429;0.895;
0.429;0.895;
0.429;0.896;
0.429;0.896;
0.429;0.896;
0.428;0.895;
0.428;0.895;
0.428;0.895;
0.428;0.895;
0.428;0.895;
0.428;0.895;
0.428;0.894;
0.429;0.894;
0.429;0.894;
0.429;0.894;
0.429;0.894;
0.429;0.894;
0.429;0.894;
0.43;0.894;
0.43;0.894;
0.43;0.894;
0.431;0.894;
0.431;0.894;
0.432;0.893;
0.432;0.893;
0.433;0.893;
0.433;0.893;
0.434;0.893;
0.434;0.893;
0.434;0.893;
0.434;0.893;
0.435;0.893;
0.435;0.893;
0.435;0.893;
0.435;0.893;
0.435;0.893;
0.435;0.893;
0.435;0.893;
0.435;0.893;
0.435;0.894;
0.435;0.894;
0.435;0.894;
0.434;0.894;
0.434;0.894;
0.434;0.894;
0.434;0.894;
0.433;0.894;
0.433;0.894;
0.433;0.894;
0.433;0.894;
0.433;0.894;
0.433;0.894;
0.433;0.894;
0.432;0.894;
0.433;0.894;
0.433;0.894;
0.433;0.894;
0.433;0.894;
0.433;0.893;
0.433;0.893;
0.433;0.893;
0.433;0.893;
0.433;0.893;
0.433;0.893;
0.433;0.893;
0.433;0.893;
0.433;0.893;
0.433;0.893;
0.433;0.893;
0.433;0.893;
0.433;0.893;
0.433;0.893;
0.435;0.892;
0.435;0.892;
0.435;0.892;
0.435;0.892;
0.435;0.892;
0.435;0.892;
0.435;0.892;
0.435;0.892;
0.435;0.892;
0.435;0.892;
0.435;0.893;
0.435;0.892;
0.435;0.893;
0.435;0.893;
0.435;0.893;
0.435;0.892;
0.435;0.892;
0.435;0.892;
0.435;0.892;
0.435;0.892;
0.435;0.892;
0.435;0.892;
0.435;0.892;
0.436;0.892;
0.436;0.892;
0.436;0.892;
0.436;0.892;
0.436;0.891;
0.436;0.891;
0.436;0.891;
0.436;0.891;
0.437;0.891;
0.437;0.891;
0.437;0.891;
0.436;0.891;
0.436;0.891;
0.436;0.891;
0.436;0.891;
0.436;0.891;
0.436;0.891;
0.436;0.891;
0.436;0.89;
0.436;0.89;
0.436;0.89;
0.436;0.889;
0.436;0.889;
0.436;0.889;
0.436;0.889;
0.436;0.889;
0.436;0.889;
0.436;0.889;
0.436;0.889;
0.436;0.89;
0.436;0.89;
0.436;0.89;
0.436;0.89;
0.436;0.89;
0.436;0.889;
0.436;0.889;
0.436;0.889;
0.436;0.889;
0.436;0.889;
0.436;0.889;
0.436;0.888;
0.436;0.888;
0.437;0.888;
0.437;0.888;
0.437;0.888;
0.437;0.888;
0.437;0.888;
0.437;0.888;
0.437;0.888;
0.437;0.888;
0.437;0.888;
0.437;0.888;
0.437;0.888;
0.437;0.888;
0.437;0.889;
0.437;0.889;
0.437;0.889;
0.436;0.889;
0.436;0.889;
0.436;0.889;
0.436;0.888;
0.436;0.888;
0.436;0.888;
0.436;0.888;
0.436;0.888;
0.436;0.888;
0.436;0.888;
0.436;0.887;
0.436;0.887;
0.436;0.887;
0.436;0.887;
0.436;0.886;
0.436;0.886;
0.435;0.886;
0.435;0.885;
0.435;0.885;
0.435;0.885;
0.435;0.885;
0.435;0.885;
0.435;0.885;
0.435;0.885;
0.435;0.885;
0.435;0.885;
0.435;0.885;
0.435;0.885;
0.435;0.885;
0.435;0.885;
0.435;0.884;
0.435;0.884;
0.435;0.884;
0.435;0.884;
0.435;0.884;
0.435;0.883;
0.435;0.883;
0.435;0.883;
0.435;0.883;
0.435;0.883;
0.435;0.883;
0.435;0.882;
0.435;0.882;
0.435;0.882;
0.191;0.617;
0.191;0.617;
0.191;0.617;
0.191;0.617;
0.191;0.617;
0.191;0.617;
0.191;0.617;
0.191;0.617;
0.191;0.617;
0.191;0.617;
0.191;0.617;
0.191;0.617;
0.116;0.646;
0.11;0.645;
0.105;0.642;
0.102;0.638;
0.1;0.633;
0.099;0.628;
0.099;0.624;
0.099;0.623;
0.098;0.624;
0.098;0.624;
0.096;0.627;
0.093;0.631;
0.089;0.634;
0.086;0.637;
0.084;0.639;
0.084;0.639;
0.083;0.638;
0.083;0.636;
0.082;0.634;
0.082;0.634;
0.081;0.632;
0.079;0.631;
0.077;0.63;
0.076;0.628;
0.076;0.626;
0.077;0.622;
0.08;0.617;
0.082;0.612;
0.084;0.608;
0.084;0.608;
0.086;0.605;
0.087;0.603;
0.089;0.602;
0.092;0.601;
0.095;0.6;
0.098;0.597;
0.101;0.595;
0.103;0.592;
0.104;0.589;
0.104;0.589;
0.402;0.737;
0.402;0.736;
0.402;0.736;
0.402;0.736;
0.402;0.736;
0.402;0.736;
0.403;0.735;
0.403;0.733;
0.404;0.73;
0.404;0.728;
0.405;0.725;
0.406;0.722;
0.407;0.719;
0.407;0.719;
0.407;0.716;
0.407;0.714;
0.407;0.712;
0.407;0.711;
0.406;0.711;
0.405;0.712;
0.404;0.713;
0.403;0.714;
0.401;0.714;
0.401;0.714;
0.4;0.714;
0.399;0.716;
0.397;0.719;
0.396;0.722;
0.396;0.725;
0.395;0.726;
0.394;0.725;
0.393;0.723;
0.392;0.72;
0.392;0.72;
0.391;0.717;
0.39;0.715;
0.389;0.713;
0.389;0.712;
0.389;0.713;
0.388;0.713;
0.388;0.712;
0.387;0.711;
0.386;0.708;
0.386;0.708;
0.386;0.705;
0.386;0.702;
0.386;0.699;
0.387;0.696;
0.388;0.694;
0.389;0.693;
0.389;0.691;
0.39;0.688;
0.39;0.688;
0.39;0.686;
0.391;0.684;
0.391;0.682;
0.391;0.68;
0.391;0.679;
0.39;0.678;
0.389;0.676;
0.387;0.674;
0.385;0.673;
0.382;0.671;
0.382;0.671;
0.379;0.669;
0.379;0.669;
0.376;0.669;
0.371;0.669;
0.369;0.671;
0.367;0.674;
0.366;0.679;
0.365;0.684;
0.363;0.688;
0.363;0.688;
0.362;0.691;
0.36;0.692;
0.359;0.691;
0.357;0.69;
0.357;0.687;
0.356;0.685;
0.356;0.683;
0.356;0.682;
0.356;0.681;
0.356;0.681;
0.356;0.681;
0.356;0.681;
0.356;0.681;
0.357;0.679;
0.358;0.678;
0.36;0.677;
0.361;0.675;
0.362;0.675;
0.363;0.674;
0.363;0.674;
0.364;0.672;
0.365;0.67;
0.367;0.667;
0.369;0.664;
0.372;0.662;
0.374;0.661;
0.376;0.661;
0.379;0.662;
0.381;0.664;
0.381;0.664;
0.383;0.668;
0.385;0.671;
0.387;0.674;
0.389;0.677;
0.391;0.678;
0.392;0.679;
0.394;0.679;
0.395;0.68;
0.395;0.68;
0.395;0.68;
0.396;0.681;
0.397;0.682;
0.398;0.684;
0.398;0.685;
0.399;0.686;
0.4;0.686;
0.401;0.687;
0.402;0.686;
0.403;0.686;
0.403;0.686;
0.404;0.686;
0.405;0.688;
0.405;0.69;
0.406;0.694;
0.407;0.697;
0.407;0.7;
0.407;0.702;
0.407;0.703;
0.407;0.703;
0.407;0.703;
0.407;0.703;
0.407;0.703;
0.407;0.703;
0.407;0.703;
0.406;0.703;
0.406;0.703;
0.405;0.702;
0.404;0.702;
0.403;0.701;
0.403;0.701;
0.402;0.701;
0.401;0.701;
0.4;0.701;
0.398;0.701;
0.397;0.701;
0.396;0.701;
0.394;0.701;
0.393;0.701;
0.392;0.701;
0.392;0.701;
0.391;0.702;
0.39;0.702;
0.389;0.702;
0.389;0.702;
0.388;0.702;
0.387;0.701;
0.387;0.701;
0.386;0.7;
0.385;0.7;
0.385;0.7;
0.385;0.7;
0.385;0.7;
0.385;0.7;
0.385;0.701;
0.385;0.702;
0.385;0.703;
0.385;0.703;
0.385;0.704;
0.385;0.704;
0.385;0.704;
0.385;0.704;
0.385;0.704;
0.385;0.704;
0.385;0.704;
0.385;0.704;
0.385;0.705;
0.385;0.705;
0.385;0.706;
0.385;0.707;
0.385;0.708;
0.385;0.708;
0.385;0.708;
0.385;0.708;
0.386;0.708;
0.386;0.708;
0.386;0.708;
0.386;0.708;
0.386;0.708;
0.386;0.708;
0.386;0.707;
0.386;0.707;
0.386;0.707;
0.387;0.707;
0.387;0.706;
0.387;0.706;
0.387;0.705;
0.387;0.705;
0.387;0.705;
0.386;0.705;
0.386;0.705;
0.386;0.705;
0.386;0.705;
0.386;0.705;
0.386;0.704;
0.386;0.704;
0.386;0.704;
0.386;0.704;
0.386;0.704;
0.386;0.704;
0.386;0.704;
0.386;0.704;
0.386;0.704;
0.386;0.704;
0.386;0.704;
0.386;0.704;
0.386;0.704;
0.386;0.704;
0.386;0.704;
0.386;0.704;
0.386;0.704;
0.386;0.704;
0.386;0.704;
0.386;0.704;
0.386;0.704;
0.386;0.704;
0.386;0.704;
0.386;0.704;
0.386;0.704;
0.386;0.704;
0.386;0.704;
0.386;0.704;
0.377;0.691;
0.377;0.691;
0.376;0.69;
0.376;0.689;
0.376;0.689;
0.375;0.689;
0.375;0.689;
0.375;0.689;
0.375;0.688;
0.375;0.688;
0.375;0.688;
0.374;0.687;
0.375;0.688;
0.375;0.688;
0.375;0.688;
0.375;0.689;
0.375;0.689;
0.375;0.69;
0.375;0.69;
0.376;0.69;
0.376;0.69;
0.107;0.116;
0.103;0.113;
0.1;0.111;
0.097;0.108;
0.095;0.105;
0.092;0.101;
0.09;0.098;
0.088;0.094;
0.088;0.094;
0.085;0.09;
0.083;0.087;
0.08;0.085;
0.078;0.083;
0.076;0.081;
0.075;0.078;
0.073;0.076;
0.072;0.074;
0.07;0.071;
0.07;0.071;
0.069;0.069;
0.067;0.068;
0.066;0.067;
0.065;0.068;
0.065;0.068;
0.064;0.068;
0.063;0.067;
0.062;0.067;
0.06;0.066;
0.06;0.066;
0.059;0.066;
0.058;0.066;
0.057;0.067;
0.057;0.067;
0.056;0.067;
0.055;0.066;
0.053;0.065;
0.051;0.065;
0.049;0.064;
0.049;0.064;
0.047;0.064;
0.045;0.064;
0.043;0.064;
0.042;0.063;
0.04;0.063;
0.039;0.063;
0.037;0.062;
0.035;0.062;
0.034;0.061;
0.034;0.061;
0.032;0.06;
0.031;0.06;
0.03;0.059;
0.03;0.059;
0.03;0.058;
0.029;0.058;
0.029;0.058;
0.029;0.057;
0.028;0.057;
0.029;0.057;
0.029;0.057;
0.029;0.057;
0.03;0.056;
0.03;0.056;
0.03;0.055;
0.03;0.054;
0.03;0.054;
0.029;0.053;
0.029;0.054;
0.029;0.054;
0.029;0.054;
0.029;0.055;
0.029;0.055;
0.029;0.055;
0.029;0.055;
0.029;0.055;
0.029;0.055;
0.029;0.054;
0.029;0.054;
0.03;0.055;
0.03;0.055;
0.03;0.055;
0.031;0.056;
0.031;0.056;
0.031;0.056;
0.032;0.056;
0.032;0.056;
0.033;0.056;
0.034;0.056;
0.035;0.057;
0.035;0.057;
0.035;0.057;
0.035;0.058;
0.035;0.058;
0.035;0.058;
0.035;0.058;
0.035;0.058;
0.035;0.059;
0.035;0.059;
0.035;0.06;
0.035;0.06;
0.035;0.06;
0.034;0.06;
0.034;0.059;
0.034;0.06;
0.034;0.059;
0.034;0.06;
0.035;0.059;
0.035;0.059;
0.035;0.059;
0.035;0.059;
0.035;0.058;
0.035;0.058;
0.035;0.058;
0.036;0.057;
0.036;0.057;
0.036;0.057;
0.035;0.057;
0.035;0.056;
0.034;0.055;
0.034;0.055;
0.034;0.055;
0.034;0.055;
0.033;0.055;
0.033;0.055;
0.033;0.054;
0.033;0.054;
0.032;0.054;
0.032;0.053;
0.032;0.053;
0.032;0.053;
0.032;0.052;
0.031;0.052;
0.031;0.052;
0.032;0.053;
0.031;0.053;
0.031;0.052;
0.031;0.052;
0.031;0.052;
0.031;0.052;
0.031;0.052;
0.031;0.052;
0.031;0.053;
0.031;0.053;
0.03;0.054;
0.03;0.054;
0.03;0.054;
0.03;0.054;
0.03;0.054;
0.029;0.053;
0.029;0.053;
0.029;0.053;
0.029;0.052;
0.03;0.052;
0.03;0.052;
0.03;0.053;
0.029;0.053;
0.029;0.053;
0.029;0.053;
0.029;0.053;
0.029;0.053;
0.029;0.054;
0.029;0.054;
0.029;0.054;
0.029;0.054;
0.029;0.054;
0.029;0.054;
0.029;0.054;
0.029;0.054;
0.029;0.054;
0.029;0.054;
0.029;0.055;
0.029;0.055;
0.03;0.056;
0.03;0.056;
0.03;0.057;
0.03;0.057;
0.03;0.057;
0.03;0.057;
0.031;0.057;
0.031;0.057;
0.031;0.058;
0.031;0.058;
0.031;0.058;
0.031;0.059;
0.031;0.059;
0.031;0.059;
0.031;0.059;
0.031;0.059;
0.031;0.059;
0.03;0.059;
0.031;0.059;
0.03;0.059;
0.03;0.059;
0.03;0.059;
0.03;0.059;
0.03;0.059;
0.029;0.059;
0.029;0.059;
0.029;0.058;
0.029;0.058;
0.029;0.058;
0.029;0.058;
0.029;0.058;
0.029;0.059;
0.028;0.059;
0.028;0.059;
0.028;0.059;
0.028;0.059;
0.028;0.059;
0.028;0.059;
0.028;0.059;
0.029;0.059;
0.029;0.059;
0.029;0.059;
0.029;0.059;
0.029;0.059;
0.029;0.059;
0.029;0.059;
0.029;0.06;
0.029;0.06;
0.029;0.06;
0.029;0.06;
0.029;0.061;
0.029;0.061;
0.03;0.061;
0.03;0.061;
0.03;0.062;
0.031;0.062;
0.031;0.063;
0.031;0.063;
0.031;0.064;
0.031;0.064;
0.031;0.065;
0.031;0.065;
0.032;0.065;
0.032;0.065;
0.032;0.066;
0.032;0.065;
0.033;0.066;
0.033;0.066;
0.033;0.066;
0.033;0.066;
0.033;0.066;
0.033;0.066;
0.034;0.066;
0.034;0.067;
0.034;0.067;
0.034;0.068;
0.035;0.068;
0.035;0.068;
0.035;0.069;
0.035;0.068;
0.036;0.069;
0.036;0.068;
0.036;0.069;
0.036;0.069;
0.037;0.07;
0.037;0.07;
0.038;0.071;
0.038;0.071;
0.038;0.071;
0.038;0.071;
0.038;0.071;
0.038;0.071;
0.038;0.071;
0.038;0.071;
0.038;0.071;
0.038;0.071;
0.037;0.071;
0.037;0.071;
0.037;0.071;
0.037;0.071;
0.037;0.071;
0.036;0.071;
0.036;0.071;
0.036;0.071;
0.036;0.071;
0.036;0.071;
0.036;0.071;
0.036;0.071;
0.036;0.071;
0.036;0.071;
0.035;0.071;
0.036;0.071;
0.036;0.071;
0.036;0.071;
0.036;0.071;
0.036;0.071;
0.036;0.071;
0.036;0.071;
0.036;0.071;
0.036;0.071;
0.036;0.071;
0.036;0.071;
0.036;0.071;
0.036;0.071;
0.036;0.071;
0.036;0.071;
0.037;0.07;
0.037;0.071;
0.037;0.071;
0.037;0.071;
0.037;0.07;
0.037;0.07;
0.037;0.07;
0.037;0.07;
0.037;0.07;
0.038;0.07;
0.038;0.069;
0.038;0.069;
0.038;0.069;
0.038;0.069;
0.038;0.069;
0.038;0.069;
0.038;0.069;
0.038;0.069;
0.038;0.069;
0.038;0.069;
0.038;0.07;
0.039;0.07;
0.039;0.07;
0.039;0.07;
0.039;0.07;
0.04;0.07;
0.04;0.071;
0.04;0.071;
0.04;0.072;
0.04;0.072;
0.041;0.072;
0.041;0.072;
0.041;0.072;
0.041;0.073;
0.041;0.073;
0.041;0.073;
0.041;0.073;
0.041;0.073;
0.042;0.073;
0.042;0.072;
0.042;0.072;
0.042;0.072;
0.042;0.072;
0.041;0.072;
0.041;0.072;
0.041;0.071;
0.04;0.071;
0.04;0.072;
0.04;0.072;
0.04;0.071;
0.04;0.071;
0.039;0.07;
0.039;0.07;
0.039;0.07;
0.039;0.07;
0.039;0.07;
0.039;0.07;
0.039;0.07;
0.039;0.07;
0.039;0.07;
0.039;0.07;
0.04;0.07;
0.04;0.07;
0.04;0.07;
0.04;0.07;
0.04;0.07;
0.04;0.07;
0.04;0.07;
0.04;0.069;
0.04;0.069;
0.04;0.069;
0.04;0.069;
0.04;0.069;
0.04;0.069;
0.04;0.069;
0.04;0.069;
0.04;0.069;
0.04;0.069;
0.039;0.069;
0.039;0.069;
0.039;0.069;
0.039;0.068;
0.039;0.068;
0.039;0.068;
0.039;0.068;
0.039;0.068;
0.039;0.068;
0.039;0.068;
0.039;0.068;
0.039;0.069;
0.039;0.069;
0.039;0.069;
0.039;0.069;
0.039;0.069;
0.039;0.069;
0.039;0.069;
0.039;0.069;
0.039;0.069;
0.039;0.069;
0.039;0.069;
0.039;0.07;
0.039;0.07;
0.039;0.07;
0.039;0.07;
0.039;0.07;
0.039;0.07;
0.04;0.07;
0.04;0.071;
0.04;0.071;
0.04;0.071;
0.04;0.071;
0.039;0.071;
0.039;0.071;
0.04;0.071;
0.039;0.071;
0.039;0.071;
0.039;0.071;
0.039;0.071;
0.039;0.071;
0.04;0.071;
0.039;0.071;
0.039;0.071;
0.039;0.071;
0.039;0.071;
0.039;0.071;
0.039;0.071;
0.039;0.071;
0.039;0.071;
0.038;0.071;
0.038;0.072;
0.038;0.072;
0.038;0.072;
0.038;0.072;
0.038;0.072;
0.039;0.072;
0.039;0.072;
0.039;0.073;
0.039;0.073;
0.04;0.074;
0.04;0.074;
0.04;0.074;
0.04;0.074;
0.04;0.074;
0.04;0.074;
0.041;0.074;
0.041;0.074;
0.041;0.074;
0.041;0.074;
0.041;0.074;
0.041;0.073;
0.041;0.073;
0.041;0.073;
0.041;0.073;
0.041;0.073;
0.041;0.073;
0.041;0.073;
0.04;0.073;
0.04;0.073;
0.04;0.073;
0.04;0.073;
0.04;0.073;
0.04;0.072;
0.04;0.072;
0.04;0.072;
0.04;0.072;
0.04;0.072;
0.04;0.073;
0.04;0.073;
0.04;0.073;
0.04;0.073;
0.041;0.072;
0.041;0.072;
0.041;0.072;
0.041;0.072;
0.041;0.072;
0.041;0.072;
0.041;0.072;
0.041;0.072;
0.041;0.072;
0.041;0.072;
0.041;0.072;
0.041;0.072;
0.041;0.072;
0.041;0.072;
0.041;0.072;
0.041;0.071;
0.041;0.072;
0.041;0.072;
0.146;0.757;
0.144;0.761;
0.143;0.763;
0.142;0.766;
0.141;0.769;
0.141;0.769;
0.141;0.771;
0.14;0.774;
0.14;0.777;
0.14;0.78;
0.14;0.783;
0.14;0.786;
0.14;0.789;
0.14;0.792;
0.141;0.795;
0.141;0.795;
0.142;0.798;
0.143;0.8;
0.144;0.803;
0.144;0.806;
0.145;0.808;
0.146;0.81;
0.146;0.813;
0.147;0.815;
0.148;0.818;
0.148;0.818;
0.149;0.82;
0.15;0.823;
0.151;0.825;
0.152;0.827;
0.153;0.829;
0.154;0.831;
0.156;0.832;
0.157;0.833;
0.157;0.834;
0.157;0.834;
0.158;0.834;
0.159;0.834;
0.159;0.834;
0.159;0.834;
0.16;0.834;
0.16;0.835;
0.16;0.835;
0.161;0.836;
0.161;0.836;
0.161;0.836;
0.162;0.837;
0.162;0.837;
0.162;0.838;
0.163;0.839;
0.163;0.84;
0.164;0.841;
0.165;0.842;
0.165;0.843;
0.165;0.843;
0.165;0.843;
0.165;0.844;
0.165;0.844;
0.165;0.844;
0.165;0.845;
0.166;0.845;
0.166;0.846;
0.166;0.846;
0.166;0.845;
0.166;0.845;
0.166;0.845;
0.166;0.844;
0.165;0.844;
0.165;0.844;
0.165;0.844;
0.164;0.844;
0.165;0.844;
0.165;0.844;
0.165;0.845;
0.165;0.844;
0.165;0.844;
0.165;0.845;
0.165;0.845;
0.166;0.845;
0.167;0.845;
0.167;0.844;
0.168;0.844;
0.169;0.843;
0.17;0.842;
0.17;0.841;
0.17;0.841;
0.171;0.84;
0.172;0.839;
0.173;0.838;
0.173;0.838;
0.174;0.837;
0.174;0.837;
0.174;0.837;
0.175;0.837;
0.175;0.838;
0.175;0.838;
0.175;0.839;
0.175;0.839;
0.176;0.839;
0.176;0.839;
0.176;0.839;
0.176;0.839;
0.175;0.838;
0.174;0.839;
0.174;0.84;
0.174;0.84;
0.173;0.841;
0.173;0.841;
0.172;0.841;
0.17;0.842;
0.17;0.843;
0.169;0.843;
0.169;0.843;
0.168;0.843;
0.168;0.843;
0.168;0.842;
0.168;0.842;
0.168;0.842;
0.168;0.842;
0.168;0.841;
0.169;0.841;
0.169;0.84;
0.169;0.839;
0.169;0.838;
0.169;0.838;
0.169;0.838;
0.17;0.837;
0.17;0.837;
0.171;0.836;
0.171;0.836;
0.171;0.836;
0.17;0.836;
0.17;0.835;
0.17;0.835;
0.17;0.835;
0.17;0.835;
0.17;0.835;
0.17;0.835;
0.17;0.835;
0.169;0.834;
0.168;0.833;
0.168;0.833;
0.167;0.833;
0.167;0.833;
0.167;0.833;
0.167;0.833;
0.167;0.833;
0.166;0.833;
0.166;0.833;
0.166;0.833;
0.166;0.833;
0.167;0.833;
0.167;0.832;
0.168;0.831;
0.169;0.831;
0.169;0.83;
0.169;0.83;
0.17;0.83;
0.171;0.83;
0.172;0.831;
0.174;0.831;
0.175;0.832;
0.176;0.832;
0.177;0.833;
0.178;0.834;
0.178;0.835;
0.178;0.835;
0.178;0.835;
0.179;0.836;
0.179;0.837;
0.179;0.837;
0.179;0.836;
0.179;0.836;
0.179;0.835;
0.178;0.835;
0.178;0.835;
0.178;0.835;
0.178;0.835;
0.178;0.835;
0.178;0.835;
0.178;0.835;
0.177;0.835;
0.177;0.836;
0.176;0.836;
0.175;0.836;
0.175;0.837;
0.175;0.837;
0.175;0.837;
0.175;0.837;
0.174;0.838;
0.174;0.838;
0.174;0.839;
0.173;0.839;
0.173;0.839;
0.173;0.84;
0.173;0.84;
0.173;0.84;
0.173;0.84;
0.173;0.84;
0.173;0.84;
0.173;0.84;
0.173;0.84;
0.173;0.841;
0.173;0.841;
0.174;0.841;
0.174;0.842;
0.174;0.842;
0.174;0.842;
0.174;0.842;
0.174;0.843;
0.175;0.843;
0.175;0.843;
0.175;0.843;
0.175;0.843;
0.175;0.842;
0.175;0.842;
0.175;0.842;
0.175;0.841;
0.175;0.841;
0.175;0.84;
0.175;0.84;
0.175;0.839;
0.174;0.839;
0.174;0.839;
0.173;0.839;
0.172;0.839;
0.172;0.839;
0.172;0.839;
0.171;0.84;
0.171;0.84;
0.171;0.841;
0.171;0.842;
0.171;0.842;
0.171;0.842;
0.171;0.842;
0.172;0.841;
0.172;0.841;
0.172;0.841;
0.173;0.841;
0.173;0.841;
0.174;0.841;
0.174;0.841;
0.175;0.841;
0.175;0.841;
0.176;0.841;
0.176;0.841;
0.176;0.841;
0.176;0.841;
0.177;0.842;
0.177;0.841;
0.178;0.841;
0.178;0.841;
0.178;0.841;
0.177;0.841;
0.177;0.841;
0.177;0.841;
0.177;0.841;
0.177;0.841;
0.177;0.841;
0.177;0.841;
0.177;0.841;
0.177;0.841;
0.177;0.841;
0.177;0.841;
0.177;0.841;
0.177;0.841;
0.175;0.84;
0.174;0.84;
0.173;0.84;
0.172;0.839;
0.171;0.839;
0.17;0.84;
0.17;0.84;
0.169;0.84;
0.169;0.84;
0.168;0.84;
0.168;0.84;
0.168;0.84;
0.168;0.839;
0.168;0.839;
0.169;0.838;
0.169;0.838;
0.169;0.838;
0.169;0.838;
0.17;0.838;
0.17;0.839;
0.17;0.839;
0.17;0.84;
0.17;0.84;
0.17;0.841;
0.17;0.841;
0.17;0.841;
0.171;0.842;
0.171;0.842;
0.171;0.843;
0.171;0.843;
0.171;0.843;
0.171;0.843;
0.171;0.843;
0.171;0.843;
0.17;0.842;
0.17;0.842;
0.17;0.842;
0.17;0.842;
0.17;0.842;
0.169;0.842;
0.169;0.842;
0.169;0.842;
0.169;0.842;
0.169;0.842;
0.168;0.843;
0.167;0.843;
0.167;0.844;
0.167;0.844;
0.167;0.845;
0.166;0.845;
0.166;0.845;
0.166;0.844;
0.166;0.844;
0.166;0.844;
0.166;0.843;
0.166;0.843;
0.166;0.843;
0.166;0.843;
0.167;0.843;
0.167;0.843;
0.167;0.843;
0.167;0.843;
0.167;0.843;
0.167;0.843;
0.167;0.844;
0.167;0.844;
0.167;0.844;
0.167;0.844;
0.167;0.845;
0.167;0.845;
0.167;0.845;
0.167;0.845;
0.167;0.845;
0.166;0.844;
0.166;0.844;
0.166;0.844;
0.166;0.843;
0.166;0.843;
0.166;0.843;
0.166;0.842;
0.166;0.842;
0.165;0.842;
0.165;0.842;
0.165;0.842;
0.165;0.843;
0.165;0.843;
0.165;0.843;
0.165;0.843;
0.165;0.842;
0.165;0.842;
0.165;0.842;
0.165;0.842;
0.165;0.842;
0.166;0.842;
0.166;0.842;
0.166;0.841;
0.166;0.841;
0.166;0.841;
0.166;0.841;
0.166;0.841;
0.166;0.841;
0.166;0.841;
0.166;0.842;
0.166;0.842;
0.166;0.843;
0.166;0.843;
0.166;0.843;
0.166;0.843;
0.166;0.843;
0.166;0.843;
0.166;0.843;
0.165;0.843;
0.165;0.843;
0.165;0.843;
0.165;0.843;
0.165;0.843;
0.165;0.843;
0.165;0.843;
0.164;0.843;
0.164;0.843;
0.164;0.843;
0.164;0.843;
0.164;0.843;
0.165;0.843;
0.165;0.843;
0.165;0.843;
0.165;0.843;
0.165;0.842;
0.165;0.842;
0.165;0.843;
0.165;0.843;
0.165;0.843;
0.165;0.843;
0.166;0.843;
0.166;0.843;
0.166;0.843;
0.166;0.842;
0.166;0.842;
0.166;0.842;
0.166;0.841;
0.165;0.841;
0.165;0.841;
0.165;0.841;
0.165;0.841;
0.165;0.841;
0.165;0.841;
0.165;0.841;
0.165;0.841;
0.165;0.841;
0.164;0.841;
0.164;0.841;
0.164;0.841;
0.164;0.842;
0.164;0.842;
0.164;0.842;
0.164;0.842;
0.164;0.842;
0.164;0.842;
0.164;0.842;
0.165;0.841;
0.165;0.841;
0.165;0.841;
0.165;0.841;
0.165;0.841;
0.165;0.841;
0.165;0.841;
0.165;0.841;
0.165;0.841;
0.165;0.841;
0.165;0.841;
0.165;0.842;
0.165;0.842;
0.165;0.842;
0.165;0.842;
0.165;0.842;
0.165;0.842;
0.165;0.841;
0.165;0.841;
0.165;0.84;
0.164;0.84;
0.164;0.839;
0.164;0.839;
0.164;0.839;
0.164;0.84;
0.164;0.84;
0.164;0.841;
0.164;0.841;
0.164;0.841;
0.164;0.841;
0.164;0.841;
0.164;0.841;
0.164;0.841;
0.164;0.841;
0.164;0.841;
0.164;0.841;
0.164;0.841;
0.164;0.841;
0.164;0.841;
0.164;0.84;
0.164;0.84;
0.164;0.84;
0.164;0.84;
0.164;0.84;
0.164;0.84;
0.164;0.84;
0.164;0.84;
0.164;0.84;
0.163;0.841;
0.163;0.84;
0.163;0.84;
0.163;0.84;
0.163;0.84;
0.163;0.84;
0.163;0.84;
0.163;0.839;
0.163;0.839;
0.163;0.839;
0.163;0.839;
0.163;0.839;
0.163;0.84;
0.163;0.84;
0.163;0.84;
0.163;0.841;
0.162;0.841;
0.162;0.841;
0.162;0.841;
0.162;0.841;
0.162;0.842;
0.162;0.841;
0.163;0.841;
0.163;0.841;
0.163;0.841;
0.163;0.841;
0.163;0.841;
0.163;0.841;
0.162;0.841;
0.162;0.842;
0.162;0.842;
0.162;0.842;
0.162;0.842;
0.162;0.842;
0.162;0.842;
0.162;0.842;
0.162;0.842;
0.162;0.841;
0.162;0.84;
0.162;0.84;
0.162;0.84;
0.162;0.84;
0.162;0.84;
0.162;0.84;
0.162;0.84;
0.162;0.84;
0.162;0.84;
0.162;0.841;
0.162;0.841;
0.162;0.841;
0.162;0.841;
0.162;0.841;
0.162;0.841;
0.162;0.841;
0.162;0.841;
0.162;0.841;
0.162;0.841;
0.162;0.841;
0.162;0.841;
0.162;0.84;
0.162;0.841;
0.163;0.841;
0.877;0.301;
0.882;0.298;
0.886;0.296;
0.89;0.293;
0.894;0.292;
0.897;0.29;
0.9;0.288;
0.903;0.287;
0.903;0.287;
0.906;0.286;
0.908;0.285;
0.911;0.285;
0.913;0.284;
0.915;0.284;
0.916;0.283;
0.917;0.283;
0.918;0.282;
0.919;0.282;
0.92;0.281;
0.92;0.281;
0.921;0.281;
0.922;0.281;
0.922;0.281;
0.922;0.282;
0.921;0.283;
0.92;0.283;
0.92;0.283;
0.919;0.284;
0.918;0.284;
0.918;0.284;
0.916;0.286;
0.914;0.287;
0.912;0.288;
0.909;0.29;
0.906;0.291;
0.903;0.292;
0.901;0.293;
0.898;0.294;
0.898;0.294;
0.895;0.295;
0.893;0.297;
0.89;0.298;
0.887;0.299;
0.884;0.301;
0.881;0.301;
0.878;0.302;
0.876;0.303;
0.874;0.305;
0.871;0.306;
0.871;0.306;
0.869;0.307;
0.868;0.307;
0.866;0.307;
0.865;0.307;
0.865;0.306;
0.865;0.306;
0.865;0.305;
0.865;0.305;
0.865;0.304;
0.865;0.304;
0.865;0.304;
0.866;0.304;
0.866;0.303;
0.867;0.302;
0.869;0.301;
0.87;0.301;
0.871;0.3;
0.872;0.299;
0.872;0.299;
0.873;0.298;
0.873;0.298;
0.875;0.296;
0.877;0.295;
0.879;0.294;
0.88;0.294;
0.881;0.294;
0.882;0.294;
0.883;0.295;
0.883;0.295;
0.883;0.295;
0.883;0.295;
0.883;0.295;
0.883;0.295;
0.882;0.295;
0.882;0.296;
0.882;0.296;
0.881;0.296;
0.88;0.296;
0.879;0.296;
0.879;0.296;
0.878;0.296;
0.878;0.296;
0.877;0.296;
0.876;0.297;
0.876;0.297;
0.875;0.298;
0.875;0.298;
0.875;0.298;
0.875;0.298;
0.875;0.298;
0.875;0.297;
0.875;0.297;
0.875;0.297;
0.875;0.297;
0.875;0.296;
0.875;0.296;
0.876;0.296;
0.876;0.295;
0.876;0.295;
0.876;0.295;
0.877;0.294;
0.877;0.294;
0.878;0.294;
0.878;0.294;
0.879;0.294;
0.879;0.294;
0.88;0.294;
0.88;0.294;
0.88;0.294;
0.88;0.294;
0.881;0.294;
0.881;0.294;
0.881;0.293;
0.881;0.293;
0.882;0.292;
0.882;0.291;
0.882;0.291;
0.882;0.29;
0.882;0.29;
0.882;0.29;
0.882;0.29;
0.882;0.291;
0.881;0.291;
0.881;0.291;
0.881;0.291;
0.88;0.291;
0.88;0.291;
0.879;0.291;
0.879;0.291;
0.879;0.291;
0.878;0.292;
0.878;0.292;
0.878;0.291;
0.878;0.291;
0.878;0.291;
0.878;0.291;
0.878;0.291;
0.878;0.292;
0.878;0.291;
0.878;0.291;
0.878;0.291;
0.878;0.291;
0.878;0.291;
0.878;0.291;
0.879;0.291;
0.879;0.291;
0.879;0.292;
0.879;0.292;
0.879;0.292;
0.879;0.292;
0.879;0.292;
0.879;0.292;
0.879;0.292;
0.88;0.291;
0.88;0.291;
0.88;0.292;
0.879;0.292;
0.879;0.292;
0.879;0.292;
0.879;0.292;
0.879;0.292;
0.879;0.293;
0.879;0.292;
0.879;0.292;
0.878;0.292;
0.878;0.293;
0.878;0.293;
0.877;0.294;
0.877;0.294;
0.877;0.294;
0.877;0.294;
0.876;0.294;
0.876;0.294;
0.876;0.294;
0.876;0.294;
0.875;0.294;
0.875;0.295;
0.875;0.295;
0.875;0.295;
0.875;0.295;
0.874;0.295;
0.874;0.294;
0.874;0.295;
0.874;0.295;
0.874;0.295;
0.873;0.295;
0.873;0.295;
0.873;0.295;
0.873;0.294;
0.873;0.294;
0.873;0.294;
0.873;0.293;
0.874;0.293;
0.874;0.293;
0.873;0.293;
0.873;0.292;
0.873;0.292;
0.873;0.292;
0.873;0.292;
0.873;0.292;
0.874;0.292;
0.874;0.292;
0.874;0.292;
0.873;0.293;
0.873;0.293;
0.873;0.293;
0.873;0.293;
0.873;0.293;
0.873;0.293;
0.873;0.293;
0.873;0.293;
0.873;0.293;
0.873;0.293;
0.873;0.293;
0.873;0.293;
0.873;0.293;
0.873;0.293;
0.873;0.293;
0.873;0.293;
0.873;0.293;
0.873;0.293;
0.873;0.293;
0.873;0.293;
0.873;0.293;
0.873;0.293;
0.873;0.293;
0.873;0.293;
0.873;0.293;
0.873;0.293;
0.872;0.289;
0.872;0.289;
0.872;0.289;
0.871;0.289;
0.871;0.29;
0.871;0.29;
0.871;0.289;
0.87;0.29;
0.87;0.289;
0.87;0.289;
0.87;0.289;
0.87;0.289;
0.87;0.289;
0.869;0.289;
0.869;0.289;
0.869;0.289;
0.869;0.289;
0.869;0.289;
0.869;0.289;
0.868;0.289;
0.868;0.289;
0.868;0.289;
0.868;0.289;
0.868;0.289;
0.868;0.289;
0.868;0.289;
0.868;0.289;
0.868;0.289;
0.868;0.289;
0.868;0.289;
0.868;0.289;
0.868;0.289;
0.867;0.289;
0.867;0.289;
0.867;0.289;
0.867;0.289;
0.867;0.289;
0.866;0.289;
0.866;0.289;
0.866;0.289;
0.866;0.288;
0.866;0.288;
0.865;0.288;
0.865;0.288;
0.865;0.287;
0.865;0.288;
0.865;0.288;
0.865;0.288;
0.864;0.288;
0.389;0.722;
0.39;0.725;
0.39;0.727;
0.391;0.73;
0.392;0.732;
0.392;0.734;
0.393;0.735;
0.393;0.736;
0.393;0.736;
0.394;0.737;
0.394;0.737;
0.394;0.738;
0.395;0.738;
0.395;0.738;
0.395;0.738;
0.395;0.738;
0.395;0.737;
0.395;0.737;
0.395;0.737;
0.394;0.737;
0.394;0.736;
0.394;0.736;
0.394;0.735;
0.394;0.734;
0.394;0.733;
0.393;0.733;
0.393;0.733;
0.393;0.732;
0.393;0.732;
0.392;0.732;
0.392;0.732;
0.391;0.732;
0.391;0.732;
0.39;0.732;
0.389;0.732;
0.388;0.732;
0.387;0.732;
0.386;0.733;
0.386;0.733;
0.386;0.733;
0.385;0.733;
0.384;0.733;
0.383;0.733;
0.383;0.733;
0.382;0.733;
0.382;0.733;
0.381;0.733;
0.381;0.734;
0.381;0.734;
0.381;0.734;
0.38;0.734;
0.38;0.734;
0.38;0.734;
0.38;0.734;
0.381;0.734;
0.381;0.734;
0.381;0.734;
0.381;0.734;
0.381;0.734;
0.381;0.734;
0.382;0.734;
0.382;0.734;
0.382;0.733;
0.382;0.733;
0.382;0.732;
0.382;0.732;
0.382;0.732;
0.382;0.732;
0.382;0.731;
0.382;0.731;
0.382;0.731;
0.382;0.731;
0.381;0.731;
0.381;0.732;
0.381;0.732;
0.566;0.353;
0.569;0.352;
0.571;0.352;
0.573;0.351;
0.574;0.351;
0.576;0.351;
0.577;0.351;
0.577;0.351;
0.578;0.351;
0.579;0.35;
0.58;0.349;
0.581;0.349;
0.582;0.349;
0.583;0.349;
0.583;0.349;
0.584;0.349;
0.584;0.349;
0.584;0.349;
0.584;0.348;
0.585;0.349;
0.585;0.349;
0.585;0.349;
0.585;0.348;
0.585;0.348;
0.585;0.348;
0.584;0.348;
0.584;0.347;
0.584;0.347;
0.584;0.347;
0.583;0.346;
0.583;0.346;
0.582;0.345;
0.582;0.345;
0.581;0.344;
0.581;0.343;
0.581;0.343;
0.58;0.342;
0.58;0.342;
0.58;0.342;
0.58;0.342;
0.58;0.342;
0.58;0.342;
0.579;0.342;
0.579;0.342;
0.579;0.342;
0.58;0.342;
0.58;0.343;
0.58;0.343;
0.58;0.343;
0.58;0.343;
0.58;0.343;
0.58;0.344;
0.581;0.344;
0.581;0.344;
0.581;0.344;
0.581;0.344;
0.582;0.345;
0.582;0.345;
0.582;0.345;
0.583;0.345;
0.583;0.345;
0.583;0.345;
0.583;0.345;
0.583;0.345;
0.583;0.345;
0.583;0.346;
0.583;0.346;
0.583;0.346;
0.583;0.346;
0.583;0.346;
0.583;0.346;
0.583;0.346;
0.582;0.346;
0.582;0.346;
0.582;0.345;
0.582;0.345;
0.582;0.345;
0.582;0.345;
0.581;0.344;
0.581;0.344;
0.581;0.344;
0.581;0.344;
0.581;0.343;
0.581;0.343;
0.581;0.343;
0.581;0.343;
0.581;0.343;
0.581;0.343;
0.581;0.343;
0.581;0.343;
0.581;0.343;
0.582;0.343;
0.583;0.343;
0.583;0.343;
0.584;0.343;
0.585;0.343;
0.586;0.343;
0.586;0.343;
0.587;0.343;
0.588;0.343;
0.589;0.343;
0.59;0.342;
0.591;0.342;
0.593;0.342;
0.595;0.341;
0.596;0.341;
0.598;0.341;
0.598;0.341;
0.599;0.34;
0.601;0.34;
0.603;0.34;
0.604;0.34;
0.605;0.34;
0.607;0.34;
0.608;0.34;
0.609;0.34;
0.61;0.34;
0.61;0.34;
0.611;0.34;
0.612;0.34;
0.614;0.339;
0.616;0.34;
0.617;0.34;
0.618;0.34;
0.62;0.34;
0.621;0.34;
0.623;0.34;
0.623;0.34;
0.625;0.341;
0.627;0.341;
0.629;0.341;
0.631;0.341;
0.633;0.342;
0.634;0.342;
0.636;0.342;
0.637;0.343;
0.638;0.343;
0.638;0.343;
0.639;0.343;
0.64;0.344;
0.641;0.344;
0.641;0.344;
0.642;0.343;
0.642;0.343;
0.643;0.343;
0.643;0.343;
0.642;0.342;
0.642;0.342;
0.642;0.342;
0.642;0.342;
0.642;0.341;
0.642;0.341;
0.642;0.341;
0.641;0.341;
0.641;0.341;
0.641;0.341;
0.64;0.341;
0.64;0.341;
0.64;0.341;
0.64;0.341;
0.64;0.341;
0.639;0.341;
0.639;0.341;
0.639;0.341;
0.639;0.34;
0.639;0.34;
0.639;0.34;
0.638;0.34;
0.638;0.34;
0.638;0.34;
0.638;0.34;
0.638;0.34;
0.637;0.34;
0.637;0.34;
0.637;0.339;
0.637;0.339;
0.636;0.339;
0.636;0.339;
0.636;0.339;
0.636;0.338;
0.636;0.338;
0.636;0.338;
0.635;0.338;
0.635;0.338;
0.635;0.338;
0.635;0.338;
0.635;0.338;
0.635;0.338;
0.634;0.338;
0.634;0.339;
0.634;0.338;
0.634;0.338;
0.634;0.338;
0.634;0.338;
0.634;0.338;
0.634;0.338;
0.634;0.338;
0.634;0.338;
0.634;0.338;
0.634;0.338;
0.634;0.338;
0.634;0.338;
0.634;0.338;
0.634;0.338;
0.634;0.338;
0.634;0.338;
0.634;0.338;
0.634;0.338;
0.634;0.338;
0.634;0.338;
0.634;0.338;
0.634;0.338;
0.634;0.338;
0.634;0.338;
0.634;0.338;
0.634;0.338;
0.634;0.338;
0.634;0.338;
0.634;0.338;
0.634;0.338;
0.634;0.338;
0.634;0.338;
0.634;0.338;
0.634;0.338;
0.634;0.338;
0.634;0.338;
0.634;0.338;
0.634;0.338;
0.634;0.338;
0.634;0.332;
0.634;0.332;
0.634;0.331;
0.634;0.331;
0.633;0.33;
0.633;0.33;
0.633;0.33;
0.633;0.329;
0.633;0.329;
0.633;0.329;
0.633;0.329;
0.633;0.329;
0.633;0.329;
0.633;0.329;
0.633;0.329;
0.633;0.329;
0.632;0.329;
0.632;0.329;
0.632;0.329;
0.632;0.329;
0.632;0.329;
0.632;0.329;
0.632;0.328;
0.632;0.328;
0.632;0.328;
0.632;0.328;
0.632;0.328;
0.632;0.327;
0.632;0.326;
0.632;0.326;
0.632;0.326;
0.632;0.326;
0.633;0.326;
0.632;0.326;
0.632;0.325;
0.632;0.325;
0.632;0.325;
0.632;0.325;
0.632;0.324;
0.632;0.324;
0.632;0.324;
0.632;0.324;
0.633;0.324;
0.633;0.324;
0.633;0.324;
0.633;0.324;
0.633;0.324;
0.633;0.324;
0.633;0.324;
0.633;0.324;
0.633;0.323;
0.633;0.323;
0.633;0.323;
0.634;0.323;
0.634;0.322;
0.634;0.322;
0.172;0.301;
0.172;0.301;
0.172;0.301;
0.172;0.301;
0.172;0.301;
0.172;0.301;
0.172;0.301;
0.172;0.301;
0.172;0.301;
0.172;0.301;
0.172;0.301;
0.172;0.301;
0.172;0.301;
0.172;0.301;
0.172;0.301;
0.172;0.301;
0.172;0.301;
0.172;0.301;
0.172;0.301;
0.172;0.301;
0.172;0.301;
0.172;0.301;
0.172;0.301;
0.172;0.301;
0.172;0.301;
0.172;0.301;
0.32;0.25;
0.153;0.519;
0.149;0.52;
0.146;0.521;
0.143;0.522;
0.141;0.523;
0.138;0.524;
0.136;0.525;
0.134;0.526;
0.134;0.526;
0.132;0.526;
0.13;0.527;
0.129;0.527;
0.127;0.527;
0.125;0.527;
0.124;0.527;
0.124;0.527;
0.123;0.527;
0.122;0.526;
0.122;0.526;
0.122;0.525;
0.121;0.525;
0.12;0.524;
0.12;0.523;
0.119;0.523;
0.119;0.522;
0.119;0.522;
0.119;0.522;
0.119;0.521;
0.119;0.521;
0.119;0.521;
0.118;0.521;
0.118;0.521;
0.118;0.521;
0.118;0.521;
0.118;0.52;
0.117;0.52;
0.116;0.52;
0.116;0.52;
0.116;0.52;
0.115;0.52;
0.115;0.52;
0.115;0.519;
0.115;0.519;
0.114;0.519;
0.113;0.519;
0.112;0.519;
0.111;0.519;
0.11;0.519;
0.11;0.519;
0.109;0.519;
0.108;0.519;
0.108;0.519;
0.108;0.518;
0.107;0.518;
0.107;0.518;
0.107;0.518;
0.107;0.518;
0.107;0.518;
0.107;0.518;
0.107;0.518;
0.107;0.518;
0.107;0.517;
0.108;0.517;
0.109;0.516;
0.109;0.516;
0.109;0.515;
0.109;0.515;
0.11;0.514;
0.11;0.514;
0.11;0.514;
0.11;0.513;
0.11;0.513;
0.109;0.512;
0.109;0.512;
0.108;0.511;
0.107;0.51;
0.107;0.51;
0.106;0.51;
0.106;0.51;
0.106;0.509;
0.106;0.509;
0.105;0.509;
0.104;0.508;
0.104;0.507;
0.103;0.507;
0.103;0.507;
0.103;0.506;
0.102;0.507;
0.102;0.507;
0.102;0.507;
0.102;0.506;
0.102;0.506;
0.102;0.506;
0.101;0.506;
0.101;0.506;
0.101;0.506;
0.101;0.506;
0.101;0.506;
0.102;0.506;
0.102;0.506;
0.102;0.506;
0.102;0.506;
0.103;0.506;
0.103;0.506;
0.104;0.506;
0.105;0.506;
0.106;0.506;
0.107;0.506;
0.107;0.506;
0.108;0.507;
0.109;0.507;
0.109;0.507;
0.11;0.507;
0.11;0.507;
0.11;0.507;
0.111;0.507;
0.111;0.506;
0.11;0.506;
0.11;0.506;
0.11;0.506;
0.11;0.507;
0.109;0.507;
0.109;0.508;
0.108;0.508;
0.108;0.508;
0.107;0.508;
0.106;0.508;
0.105;0.508;
0.105;0.508;
0.105;0.508;
0.104;0.508;
0.103;0.508;
0.103;0.508;
0.103;0.507;
0.102;0.506;
0.102;0.505;
0.102;0.505;
0.102;0.505;
0.102;0.505;
0.102;0.505;
0.101;0.503;
0.101;0.503;
0.101;0.502;
0.101;0.501;
0.1;0.499;
0.1;0.498;
0.099;0.497;
0.099;0.495;
0.099;0.495;
0.098;0.494;
0.098;0.494;
0.098;0.493;
0.098;0.493;
0.098;0.493;
0.097;0.493;
0.097;0.493;
0.097;0.494;
0.097;0.494;
0.097;0.494;
0.097;0.495;
0.097;0.495;
0.096;0.496;
0.096;0.497;
0.095;0.498;
0.095;0.498;
0.095;0.499;
0.095;0.5;
0.095;0.5;
0.095;0.5;
0.095;0.5;
0.095;0.5;
0.096;0.5;
0.096;0.5;
0.096;0.501;
0.097;0.501;
0.098;0.501;
0.099;0.501;
0.099;0.5;
0.099;0.5;
0.099;0.501;
0.099;0.5;
0.099;0.5;
0.099;0.5;
0.098;0.5;
0.098;0.5;
0.098;0.5;
0.098;0.5;
0.097;0.5;
0.097;0.5;
0.096;0.5;
0.096;0.5;
0.095;0.5;
0.095;0.5;
0.094;0.5;
0.094;0.5;
0.094;0.5;
0.094;0.5;
0.093;0.5;
0.093;0.5;
0.093;0.499;
0.092;0.499;
0.092;0.499;
0.092;0.499;
0.092;0.498;
0.093;0.498;
0.093;0.498;
0.093;0.498;
0.094;0.498;
0.094;0.498;
0.094;0.497;
0.094;0.497;
0.095;0.497;
0.095;0.497;
0.096;0.497;
0.096;0.497;
0.096;0.496;
0.096;0.496;
0.096;0.496;
0.096;0.496;
0.096;0.496;
0.096;0.496;
0.096;0.496;
0.096;0.496;
0.096;0.496;
0.095;0.496;
0.095;0.496;
0.094;0.495;
0.094;0.495;
0.094;0.495;
0.094;0.495;
0.094;0.495;
0.094;0.496;
0.094;0.496;
0.094;0.496;
0.094;0.496;
0.094;0.495;
0.094;0.495;
0.094;0.494;
0.094;0.494;
0.094;0.494;
0.094;0.493;
0.094;0.493;
0.094;0.493;
0.094;0.493;
0.094;0.493;
0.094;0.493;
0.094;0.493;
0.094;0.493;
0.094;0.493;
0.093;0.493;
0.093;0.493;
0.094;0.493;
0.093;0.493;
0.093;0.492;
0.093;0.492;
0.093;0.492;
0.093;0.491;
0.093;0.49;
0.093;0.49;
0.093;0.49;
0.093;0.49;
0.094;0.49;
0.094;0.49;
0.094;0.49;
0.094;0.489;
0.094;0.489;
0.094;0.488;
0.094;0.488;
0.094;0.488;
0.094;0.488;
0.094;0.488;
0.094;0.489;
0.094;0.489;
0.094;0.489;
0.093;0.489;
0.093;0.489;
0.093;0.489;
0.093;0.488;
0.093;0.489;
0.093;0.489;
0.092;0.489;
0.092;0.489;
0.092;0.489;
0.092;0.489;
0.092;0.489;
0.092;0.489;
0.092;0.489;
0.092;0.489;
0.092;0.489;
0.092;0.489;
0.092;0.489;
0.092;0.489;
0.092;0.489;
0.092;0.489;
0.092;0.489;
0.093;0.491;
0.093;0.491;
0.093;0.491;
0.093;0.491;
0.093;0.491;
0.093;0.491;
0.093;0.492;
0.093;0.492;
0.093;0.492;
0.092;0.492;
0.092;0.492;
0.092;0.492;
0.092;0.492;
0.092;0.492;
0.092;0.492;
0.091;0.492;
0.091;0.491;
0.091;0.491;
0.091;0.491;
0.091;0.491;
0.091;0.491;
0.091;0.49;
0.091;0.49;
0.092;0.49;
0.092;0.49;
0.092;0.489;
0.092;0.489;
0.092;0.489;
0.092;0.489;
0.093;0.489;
0.093;0.489;
0.093;0.489;
0.093;0.489;
0.093;0.489;
0.093;0.489;
0.093;0.489;
0.093;0.489;
0.092;0.489;
0.092;0.489;
0.092;0.49;
0.092;0.49;
0.092;0.49;
0.092;0.49;
0.091;0.49;
0.091;0.49;
0.17;0.431;
0.168;0.433;
0.167;0.433;
0.166;0.434;
0.165;0.436;
0.164;0.437;
0.163;0.439;
0.163;0.439;
0.162;0.442;
0.16;0.444;
0.159;0.445;
0.158;0.446;
0.157;0.447;
0.156;0.447;
0.156;0.447;
0.155;0.447;
0.155;0.447;
0.155;0.447;
0.156;0.447;
0.156;0.447;
0.156;0.447;
0.156;0.447;
0.156;0.446;
0.157;0.446;
0.158;0.445;
0.159;0.445;
0.16;0.444;
0.16;0.444;
0.161;0.444;
0.162;0.443;
0.162;0.443;
0.163;0.442;
0.163;0.442;
0.164;0.441;
0.165;0.441;
0.166;0.441;
0.167;0.441;
0.167;0.441;
0.167;0.441;
0.168;0.441;
0.169;0.441;
0.17;0.441;
0.17;0.441;
0.171;0.441;
0.172;0.44;
0.173;0.439;
0.173;0.439;
0.173;0.439;
0.173;0.438;
0.172;0.437;
0.172;0.436;
0.172;0.435;
0.171;0.434;
0.171;0.433;
0.171;0.432;
0.171;0.431;
0.171;0.431;
0.171;0.431;
0.17;0.43;
0.17;0.429;
0.17;0.428;
0.171;0.427;
0.171;0.427;
0.171;0.426;
0.171;0.425;
0.172;0.424;
0.172;0.423;
0.172;0.423;
0.171;0.422;
0.171;0.421;
0.172;0.42;
0.172;0.419;
0.172;0.418;
0.172;0.417;
0.173;0.417;
0.172;0.416;
0.173;0.415;
0.173;0.415;
0.172;0.415;
0.172;0.414;
0.173;0.414;
0.173;0.413;
0.173;0.413;
0.173;0.412;
0.173;0.411;
0.173;0.411;
0.173;0.41;
0.173;0.41;
0.173;0.409;
0.173;0.409;
0.173;0.408;
0.173;0.408;
0.174;0.407;
0.174;0.407;
0.174;0.406;
0.174;0.406;
0.174;0.406;
0.174;0.406;
0.174;0.405;
0.174;0.405;
0.175;0.405;
0.175;0.404;
0.175;0.404;
0.175;0.403;
0.175;0.403;
0.174;0.403;
0.174;0.403;
0.174;0.403;
0.174;0.403;
0.174;0.403;
0.174;0.403;
0.174;0.403;
0.174;0.403;
0.174;0.403;
0.174;0.403;
0.174;0.403;
0.174;0.403;
0.174;0.403;
0.174;0.404;
0.174;0.403;
0.175;0.403;
0.175;0.403;
0.175;0.402;
0.175;0.401;
0.174;0.4;
0.174;0.399;
0.174;0.398;
0.174;0.398;
0.174;0.397;
0.174;0.397;
0.174;0.396;
0.174;0.395;
0.174;0.395;
0.174;0.395;
0.175;0.395;
0.175;0.394;
0.176;0.394;
0.176;0.394;
0.176;0.394;
0.176;0.394;
0.177;0.393;
0.177;0.394;
0.178;0.394;
0.178;0.394;
0.179;0.395;
0.179;0.395;
0.179;0.395;
0.178;0.394;
0.178;0.394;
0.178;0.394;
0.177;0.393;
0.177;0.393;
0.176;0.392;
0.176;0.391;
0.175;0.391;
0.174;0.39;
0.174;0.389;
0.173;0.389;
0.173;0.389;
0.173;0.389;
0.173;0.389;
0.173;0.389;
0.173;0.389;
0.173;0.389;
0.173;0.389;
0.173;0.389;
0.174;0.389;
0.174;0.389;
0.174;0.389;
0.174;0.389;
0.174;0.389;
0.174;0.389;
0.174;0.389;
0.174;0.389;
0.173;0.389;
0.173;0.389;
0.173;0.389;
0.173;0.389;
0.173;0.389;
0.172;0.389;
0.172;0.389;
0.171;0.388;
0.17;0.388;
0.169;0.388;
0.169;0.389;
0.168;0.389;
0.167;0.388;
0.167;0.388;
0.167;0.388;
0.166;0.388;
0.166;0.387;
0.165;0.387;
0.165;0.386;
0.165;0.386;
0.165;0.386;
0.165;0.386;
0.165;0.386;
0.165;0.386;
0.165;0.386;
0.166;0.386;
0.166;0.385;
0.166;0.385;
0.166;0.384;
0.166;0.384;
0.167;0.384;
0.167;0.384;
0.167;0.384;
0.167;0.384;
0.167;0.384;
0.166;0.384;
0.166;0.384;
0.166;0.384;
0.166;0.384;
0.165;0.384;
0.165;0.384;
0.165;0.384;
0.164;0.384;
0.164;0.384;
0.164;0.384;
0.163;0.384;
0.163;0.384;
0.162;0.384;
0.162;0.384;
0.161;0.384;
0.161;0.384;
0.161;0.384;
0.161;0.384;
0.16;0.384;
0.16;0.384;
0.159;0.384;
0.158;0.384;
0.158;0.384;
0.157;0.384;
0.156;0.383;
0.155;0.383;
0.154;0.383;
0.153;0.383;
0.153;0.383;
0.153;0.383;
0.152;0.383;
0.151;0.384;
0.151;0.385;
0.15;0.385;
0.15;0.386;
0.15;0.387;
0.15;0.387;
0.15;0.388;
0.15;0.388;
0.15;0.388;
0.15;0.389;
0.15;0.389;
0.15;0.39;
0.15;0.39;
0.151;0.391;
0.151;0.391;
0.151;0.391;
0.152;0.391;
0.152;0.392;
0.152;0.392;
0.152;0.392;
0.152;0.392;
0.153;0.392;
0.153;0.392;
0.153;0.392;
0.153;0.391;
0.153;0.391;
0.154;0.391;
0.154;0.391;
0.154;0.39;
0.154;0.39;
0.155;0.39;
0.156;0.389;
0.156;0.389;
0.157;0.389;
0.157;0.389;
0.158;0.389;
0.158;0.389;
0.159;0.389;
0.159;0.389;
0.159;0.389;
0.159;0.388;
0.16;0.388;
0.16;0.387;
0.16;0.386;
0.16;0.386;
0.16;0.385;
0.16;0.385;
0.161;0.385;
0.161;0.385;
0.161;0.385;
0.161;0.385;
0.161;0.385;
0.161;0.385;
0.161;0.385;
0.161;0.385;
0.161;0.385;
0.161;0.385;
0.161;0.385;
0.161;0.385;
0.162;0.385;
0.162;0.386;
0.162;0.386;
0.162;0.386;
0.162;0.386;
0.162;0.386;
0.162;0.386;
0.162;0.386;
0.162;0.387;
0.162;0.387;
0.163;0.387;
0.163;0.387;
0.163;0.386;
0.163;0.386;
0.163;0.386;
0.163;0.386;
0.163;0.386;
0.163;0.386;
0.163;0.386;
0.163;0.386;
0.163;0.386;
0.163;0.386;
0.163;0.386;
0.163;0.386;
0.163;0.386;
0.163;0.386;
0.163;0.386;
0.163;0.386;
0.163;0.386;
0.163;0.386;
0.163;0.386;
0.163;0.386;
0.163;0.386;
0.163;0.386;
0.163;0.386;
0.159;0.382;
0.159;0.382;
0.159;0.382;
0.159;0.382;
0.159;0.382;
0.159;0.381;
0.159;0.381;
0.159;0.381;
0.159;0.381;
0.159;0.38;
0.159;0.38;
0.159;0.38;
0.159;0.38;
0.159;0.38;
0.159;0.38;
0.159;0.38;
0.159;0.379;
0.159;0.379;
0.159;0.379;
0.158;0.379;
0.159;0.379;
0.158;0.379;
0.158;0.379;
0.158;0.379;
0.158;0.379;
0.158;0.379;
0.158;0.378;
0.158;0.378;
0.158;0.378;
0.158;0.378;
0.158;0.378;
0.158;0.378;
0.158;0.378;
0.158;0.379;
0.158;0.379;
0.158;0.379;
0.158;0.379;
0.158;0.379;
0.158;0.379;
0.158;0.379;
0.158;0.379;
0.158;0.378;
0.158;0.378;
0.158;0.379;
0.158;0.379;
